# IMAGE_ID, QW, QX, QY, QZ, TX, TY, TZ, CAMERA_ID, NAME
1 1.0 0.0 0.0 0.0 -1.66179 1.29437 -1.36729 0 dslr_images_undistorted/DSC_0567.JPG
placeholder
2 -0.9818883793049279 -0.0036939331715177964 -0.18641271769478937 -0.03364318839392455 -1.62647 1.15294 -0.756917 0 dslr_images_undistorted/DSC_0568.JPG
placeholder
3 -0.9802549757133485 -0.003852122111014683 -0.19570943568325097 -0.027985005431623633 -1.30978 1.13838 -0.72273 0 dslr_images_undistorted/DSC_0569.JPG
placeholder
4 -0.956565448471775 -0.007918264535232589 -0.2883930031334357 -0.04182486844474492 -1.22192 1.06775 -0.372178 0 dslr_images_undistorted/DSC_0570.JPG
placeholder
5 0.9068255589991684 -0.056246236258178005 0.41294950884777937 0.06305925463413786 -1.05679 0.91567 -0.122873 0 dslr_images_undistorted/DSC_0571.JPG
placeholder
6 0.8541320738610529 -0.04614029986826008 0.5110605176572981 0.0845376863992534 -0.722935 0.876613 0.0443379 0 dslr_images_undistorted/DSC_0572.JPG
placeholder
7 0.7629163406604927 -0.021971058585277967 0.6367372678565009 0.10973413990406122 -0.398519 0.842152 0.240304 0 dslr_images_undistorted/DSC_0573.JPG
placeholder
8 0.591071825216295 0.0061344226526899295 0.7952994282334594 0.13451871894174572 -0.0369232 0.811028 0.383327 0 dslr_images_undistorted/DSC_0574.JPG
placeholder
9 0.4645090216677653 0.029501456641587404 0.8739990107975866 0.13959499263985198 0.316093 0.785909 0.439434 0 dslr_images_undistorted/DSC_0575.JPG
placeholder
10 0.23961227587361658 0.026589768583963197 0.9519453665725961 0.18888875169867253 0.69853 0.792268 0.353145 0 dslr_images_undistorted/DSC_0576.JPG
placeholder
11 0.12764397445388057 0.02343869058717785 0.9747838695332313 0.18153250746628327 0.809992 0.793296 0.488612 0 dslr_images_undistorted/DSC_0577.JPG
placeholder
12 0.047738103703871854 0.02456204600415135 0.9830855959225239 0.17510137189783714 0.990325 0.783619 0.684344 0 dslr_images_undistorted/DSC_0578.JPG
placeholder
13 -0.03427250099345825 0.029162760544798248 0.9856052983311959 0.16296356947040205 1.29921 0.786698 0.780232 0 dslr_images_undistorted/DSC_0579.JPG
placeholder
14 -0.1882233060463646 0.04162611193802063 0.9698438301763783 0.14913818737906204 1.81905 0.823973 0.487677 0 dslr_images_undistorted/DSC_0580.JPG
placeholder
15 -0.4514791558757764 0.04890882037776578 0.8822353855279848 0.12423857541536792 2.24209 0.954791 -0.537282 0 dslr_images_undistorted/DSC_0581.JPG
placeholder
16 -0.6998325969904959 0.047167688168322494 0.7058899498148175 0.0986353087531473 1.75778 1.11245 -1.6479 0 dslr_images_undistorted/DSC_0582.JPG
placeholder
17 -0.8204566915083853 0.056933695103823165 0.564322226387706 0.07176208278584151 1.15107 1.10632 -1.92945 0 dslr_images_undistorted/DSC_0583.JPG
placeholder
18 -0.9112561219685059 0.05936882461852791 0.4056874936374918 0.038797942528747964 0.430781 1.08992 -1.93054 0 dslr_images_undistorted/DSC_0584.JPG
placeholder
19 -0.9705516449214596 0.05752491960084328 0.23380732678383553 0.007383908677816132 -0.210877 1.05211 -1.63474 0 dslr_images_undistorted/DSC_0585.JPG
placeholder
20 -0.9973895812149733 0.05356454917722758 0.0317919753208723 -0.03652578076451973 -0.763185 0.98298 -1.20657 0 dslr_images_undistorted/DSC_0586.JPG
placeholder
21 0.2139803095478016 0.7001164263432983 0.6734125864263669 -0.10278572436222373 0.81908 -0.0833249 1.39622 0 dslr_images_undistorted/DSC_0587.JPG
placeholder
22 0.2726049346485709 0.6952434865147045 0.6410245710278079 -0.17723019890171438 0.763379 -0.471675 1.41015 0 dslr_images_undistorted/DSC_0588.JPG
placeholder
23 0.34808333228086946 0.6470991687103751 0.6280099670407758 -0.25632818990511197 0.770053 -0.790447 1.5626 0 dslr_images_undistorted/DSC_0589.JPG
placeholder
24 0.3732124564439123 0.6237756100859996 0.6196579761903883 -0.29604128624327375 0.786044 -1.02814 1.6253 0 dslr_images_undistorted/DSC_0590.JPG
placeholder
25 0.13636827700238568 0.6814398485519698 0.7151113177835137 -0.07522784730932813 0.916248 0.211283 0.978837 0 dslr_images_undistorted/DSC_0591.JPG
placeholder
26 0.019785231902753664 0.7350726064601013 0.6774334000301921 0.018994640139814556 1.40585 0.75113 1.85608 0 dslr_images_undistorted/DSC_0592.JPG
placeholder
27 -0.32858556427577923 0.05461853569376507 0.9284024027336915 0.1646733770423907 0.805875 0.861301 2.13482 0 dslr_images_undistorted/DSC_0593.JPG
placeholder
28 -0.6981915228034654 0.08802480979664815 0.704631477636563 0.09096543887299186 0.544434 0.810508 0.370714 0 dslr_images_undistorted/DSC_0594.JPG
placeholder
29 -0.9445461688794069 0.1143927602271114 0.30681027753606777 0.02478477074936905 -0.279647 0.849434 -0.122277 0 dslr_images_undistorted/DSC_0595.JPG
placeholder
30 -0.9550961760512486 0.14589645326362194 -0.2560472443794156 -0.030746187781351797 -1.30945 0.945282 0.277678 0 dslr_images_undistorted/DSC_0596.JPG
placeholder
31 0.8082145707745692 -0.1275129594888263 0.5745754561562175 0.01981660750367109 -1.81605 1.22493 1.39696 0 dslr_images_undistorted/DSC_0597.JPG
placeholder
32 0.3060102658666574 -0.006997326254507524 0.9476086553492146 0.09135967883458962 0.0203969 1.00108 3.00586 0 dslr_images_undistorted/DSC_0598.JPG
placeholder
33 -0.12277509501920905 0.048832449184056465 0.9870896029076549 0.09053056821493577 1.69765 0.938602 2.28246 0 dslr_images_undistorted/DSC_0599.JPG
placeholder
34 0.8748017629666062 -0.09961102745533204 0.4697726387124076 0.06413413004783686 -4.22412 0.966281 1.77049 0 dslr_images_undistorted/DSC_0602.JPG
placeholder
35 0.9274699319870219 -0.09725511808852964 0.3592317751887315 0.03596524656286848 -3.92879 1.10661 1.00749 0 dslr_images_undistorted/DSC_0603.JPG
placeholder
36 0.9564306768149694 -0.11077316015252711 0.26731193474372916 0.03891011411762697 -2.51949 0.983169 0.487867 0 dslr_images_undistorted/DSC_0604.JPG
placeholder
37 -0.989486958718038 0.13010537142820108 0.052965043079207685 -0.034392660031977745 -1.0596 0.814409 -0.617937 0 dslr_images_undistorted/DSC_0605.JPG
placeholder
38 0.8523027364474203 -0.09108881954857136 0.513059519066707 0.04530786126630382 -3.42173 1.17629 2.54521 0 dslr_images_undistorted/DSC_0606.JPG
placeholder
