# IMAGE_ID, QW, QX, QY, QZ, TX, TY, TZ, CAMERA_ID, NAME
1 0.9994594073029583 0.009558989455340686 0.0003008423700487054 0.031455180305958404 0.841517 0.181774 0.202188 0 dslr_images_undistorted/DSC_0634.JPG
placeholder
2 0.9938147626933551 0.01332488459933579 0.10644691628503448 0.028700503768599832 0.291006 0.181953 0.0599135 0 dslr_images_undistorted/DSC_0635.JPG
placeholder
3 0.973571286050754 0.018692511105411817 0.2262758854897015 0.024673156504719036 -0.456291 0.187703 0.160552 0 dslr_images_undistorted/DSC_0636.JPG
placeholder
4 0.9609490542304522 -0.0012621935689015353 -0.27374854644087737 0.04046054080831179 -0.322202 0.172267 -0.555172 0 dslr_images_undistorted/DSC_0637.JPG
placeholder
5 0.987037132938628 0.006137166641561616 -0.15636721671561912 0.035627614606054216 -1.14131 0.188482 -0.106668 0 dslr_images_undistorted/DSC_0638.JPG
placeholder
6 0.6589752244240645 0.03669193217266787 0.7512662699144996 -0.0020850413531010993 0.717662 0.190731 0.593119 0 dslr_images_undistorted/DSC_0639.JPG
placeholder
7 0.5893292422438432 0.03567173794428342 0.8070668345817642 -0.007854671635611602 -0.218832 0.199492 0.619441 0 dslr_images_undistorted/DSC_0640.JPG
placeholder
8 0.5734940899821708 0.036559559715840136 0.8183670392062116 -0.006581526400819377 -1.05616 0.201038 0.718656 0 dslr_images_undistorted/DSC_0641.JPG
placeholder
9 0.8653823719907172 0.025959112575265078 0.5003622072135764 0.008782728185627307 -1.07555 0.210537 0.717459 0 dslr_images_undistorted/DSC_0642.JPG
placeholder
10 0.9816041379783003 -0.12721148498842857 -0.1323052984780643 0.05259146685106983 0.966163 0.278155 0.295133 0 dslr_images_undistorted/DSC_0643.JPG
placeholder
11 0.9765911495648193 -0.11579780793550558 0.1812617471890137 0.002184782593882128 0.0192445 0.187231 -0.0333083 0 dslr_images_undistorted/DSC_0644.JPG
placeholder
12 0.9767030726038174 -0.11347162304462917 0.18214048723592735 -0.0003763500218736419 -0.685431 0.243451 0.136244 0 dslr_images_undistorted/DSC_0645.JPG
placeholder
13 -0.6456060457028852 0.03236893872387221 0.7614651076665501 -0.048124581703572485 0.115533 0.231671 1.22894 0 dslr_images_undistorted/DSC_0646.JPG
placeholder
14 0.8115937092782953 -0.023339963647790514 -0.5820388061273073 0.044740645041352216 -0.173888 0.236895 1.27596 0 dslr_images_undistorted/DSC_0647.JPG
placeholder
