# IMAGE_ID, QW, QX, QY, QZ, TX, TY, TZ, CAMERA_ID, NAME
1 0.9996915811954842 -0.024369641334671534 -0.00011652560246516107 0.004780114002433815 0.634816 0.416249 -0.754755 0 dslr_images_undistorted/DSC_1459.JPG
placeholder
2 0.9993737154710598 -0.03418767459958365 -0.0007337428263105343 0.009101722502202956 0.329327 0.406606 -0.423785 0 dslr_images_undistorted/DSC_1460.JPG
placeholder
3 0.9990544719036015 -0.0397392067162676 -0.011693488800922367 0.013199240078144662 0.0757066 0.405053 -0.201819 0 dslr_images_undistorted/DSC_1461.JPG
placeholder
4 0.9988357564401308 -0.04365143123703164 -0.011898476701775377 0.016736500823280688 -0.215016 0.400435 -0.18182 0 dslr_images_undistorted/DSC_1462.JPG
placeholder
5 0.9989623754417045 -0.04283574357212146 0.00438919692740162 0.014832615238824494 -0.331812 0.402707 0.149826 0 dslr_images_undistorted/DSC_1463.JPG
placeholder
6 0.9989294521741698 -0.042007090655188456 0.004123005785918479 0.018930259823604814 -0.611485 0.397259 0.12611 0 dslr_images_undistorted/DSC_1464.JPG
placeholder
7 0.998588971292637 -0.041095266049498896 0.0276972895056955 0.019081553266748943 -0.905541 0.395946 0.200235 0 dslr_images_undistorted/DSC_1465.JPG
placeholder
8 0.9943510541804245 -0.038702339770875234 0.09565521870896505 0.02486340846059908 -1.03982 0.388164 0.542936 0 dslr_images_undistorted/DSC_1466.JPG
placeholder
9 0.9744987079286089 -0.03878345306676443 0.21943465271850218 0.02639214277015848 -0.403293 0.400595 0.357497 0 dslr_images_undistorted/DSC_1467.JPG
placeholder
10 0.978871532903467 -0.04124583607899982 0.1989390339345858 0.023077345049531572 0.0380473 0.40361 -0.207503 0 dslr_images_undistorted/DSC_1468.JPG
placeholder
11 0.99282353044997 0.0807654432989879 0.0875204695443237 0.010887973379689744 -0.375223 0.337684 0.314961 0 dslr_images_undistorted/DSC_1470.JPG
placeholder
12 0.9893904151721439 0.08543471225429636 0.11473941962146347 0.025345253844616826 -0.693284 0.296729 0.4575 0 dslr_images_undistorted/DSC_1471.JPG
placeholder
13 0.9922458573309153 0.07942724285184846 -0.0949399977399248 -0.011219114569948535 -0.170902 0.362409 0.17552 0 dslr_images_undistorted/DSC_1472.JPG
placeholder
