# IMAGE_ID, QW, QX, QY, QZ, TX, TY, TZ, CAMERA_ID, NAME
1 1.0 0.0 0.0 0.0 -0.887419 0.14944 -0.914121 0 dslr_images_undistorted/DSC_0501.JPG
placeholder
2 0.9991591545981373 0.00548527959375511 -0.02254483877669336 0.03380274744820223 -0.848022 0.101132 -0.953854 0 dslr_images_undistorted/DSC_0502.JPG
placeholder
3 0.9991082224749107 -0.007486450968475056 -0.020303271159305553 0.03625589628119329 -0.868827 -0.356878 -0.979933 0 dslr_images_undistorted/DSC_0503.JPG
placeholder
4 0.9976914197051223 -0.04465519131621047 -0.01960972735142076 0.04725678288344411 -0.859977 -0.967565 -0.905156 0 dslr_images_undistorted/DSC_0504.JPG
placeholder
5 0.9974721517765437 -0.04949316910835257 -0.018741846262773913 0.047418096129500556 -0.874874 -1.42567 -0.90661 0 dslr_images_undistorted/DSC_0505.JPG
placeholder
6 0.9985892243120631 -0.026077996421653985 -0.021136850789325975 0.04114283326624669 -0.893835 -1.89597 -0.943817 0 dslr_images_undistorted/DSC_0506.JPG
placeholder
7 0.9880435659457681 -0.13724456703174776 -0.01486511820809257 0.06865033775662126 -0.811833 -2.56989 -0.501048 0 dslr_images_undistorted/DSC_0507.JPG
placeholder
