# IMAGE_ID, QW, QX, QY, QZ, TX, TY, TZ, CAMERA_ID, NAME
1 0.9998723902686341 0.0035700978403949606 -5.559691024554783e-05 0.0155709501598951 -0.287825 -0.0348189 -1.97537 0 dslr_images/DSC_1744.JPG
placeholder
2 0.9928443507530275 -0.002604880135549134 -0.1183740126727989 0.015521047033590434 -0.184751 -0.0440462 -2.08088 0 dslr_images/DSC_1745.JPG
placeholder
3 0.9390398681084076 -0.00902782647310718 -0.34350026864888783 0.01141007845100227 0.460998 -0.0538884 -1.98 0 dslr_images/DSC_1746.JPG
placeholder
4 0.8696059257597897 -0.016553952348132672 -0.4933775707594836 0.00949069104889831 0.764473 -0.0696206 -1.73072 0 dslr_images/DSC_1747.JPG
placeholder
5 0.7805060330211518 -0.01971865304326395 -0.6247996552787141 0.006848204388315212 0.952021 -0.0714864 -1.38444 0 dslr_images/DSC_1748.JPG
placeholder
6 0.7005346914231981 -0.02521655761383694 -0.7131627637227532 0.003760820925956938 0.76309 -0.0765979 -1.18762 0 dslr_images/DSC_1749.JPG
placeholder
7 0.5947919507432081 -0.027572995515709995 -0.8034061123100134 0.0009401873697260987 0.493111 -0.0686356 -1.08671 0 dslr_images/DSC_1750.JPG
placeholder
8 0.42718810333452983 -0.030629230465156754 -0.9036375669022338 -0.003364861597520481 0.315512 -0.0646993 -0.996561 0 dslr_images/DSC_1751.JPG
placeholder
9 0.23076017017444878 -0.03163244751720174 -0.9724723045211078 -0.006837328757410838 0.137047 -0.0603423 -0.980888 0 dslr_images/DSC_1753.JPG
placeholder
10 0.04224546974174617 -0.0335940377018877 -0.9984791672122303 -0.011230029401319095 0.0715301 -0.0547776 -1.14578 0 dslr_images/DSC_1754.JPG
placeholder
11 -0.04722308944175029 -0.034405595203461814 -0.9982289384590017 -0.011190230796849039 -0.286589 -0.0494727 -1.25486 0 dslr_images/DSC_1755.JPG
placeholder
12 0.14132836731520249 0.03247657136054721 0.9893614268265796 0.011641821694096532 -0.459981 -0.0488223 -1.24259 0 dslr_images/DSC_1756.JPG
placeholder
13 0.3409728994367381 0.031248622974156155 0.9394382776978578 0.014721678165413369 -0.278933 -0.0523666 -1.09326 0 dslr_images/DSC_1758.JPG
placeholder
14 0.5441779756605079 0.029378103540190083 0.8383006026761753 0.016104576715169155 -0.261809 -0.0560269 -0.926343 0 dslr_images/DSC_1759.JPG
placeholder
15 0.704946110466519 0.026478016560228187 0.7085803515813845 0.016241346310089257 -0.559578 -0.0458347 -1.01316 0 dslr_images/DSC_1760.JPG
placeholder
16 0.7784120108984285 0.022930983161689063 0.6271177918619987 0.016498073537057494 -1.01916 -0.0349334 -1.19099 0 dslr_images/DSC_1761.JPG
placeholder
17 0.8881808924586438 0.018332159854536536 0.45886070867520395 0.01566793606460289 -1.11316 -0.0277264 -1.51605 0 dslr_images/DSC_1762.JPG
placeholder
18 0.9442293771113699 0.014547573750894126 0.32856440417971505 0.016269105810261312 -1.10248 -0.0231467 -1.69013 0 dslr_images/DSC_1763.JPG
placeholder
19 0.9958048261141551 0.006848590257402321 0.09028383973617497 0.013216405779800154 -0.615501 -0.0246279 -2.19621 0 dslr_images/DSC_1765.JPG
placeholder
20 0.983707900792988 -0.17928153546229583 0.00531952909979988 0.012190142324486139 -0.408841 -0.850062 -2.13824 0 dslr_images/DSC_1766.JPG
placeholder
21 0.9635761283107707 -0.18511947617420474 -0.18728596307737894 0.046645391249210764 0.113477 -0.92265 -2.27002 0 dslr_images/DSC_1767.JPG
placeholder
22 0.8960421517561578 -0.18019493100908807 -0.39646722104662613 0.08632491963732486 0.674585 -0.877384 -2.11644 0 dslr_images/DSC_1768.JPG
placeholder
23 0.8135215127391575 -0.17245203759967673 -0.5448658716757573 0.1075370862601826 0.997494 -0.781791 -1.81977 0 dslr_images/DSC_1770.JPG
placeholder
24 0.6624103448860486 -0.15129848721751846 -0.7206741730463793 0.13765914084271424 1.29266 -0.591359 -1.28816 0 dslr_images/DSC_1771.JPG
placeholder
25 0.5655700934773735 -0.13576813925601672 -0.7994731630770208 0.15013375119065508 1.13827 -0.476586 -0.999205 0 dslr_images/DSC_1772.JPG
placeholder
26 0.39635504195697424 -0.11022180344696675 -0.8964848154328694 0.16452601757314078 0.889894 -0.458094 -0.953492 0 dslr_images/DSC_1773.JPG
placeholder
27 0.2293627254720599 -0.08209652505203432 -0.9544030766706149 0.17253309242018977 0.769478 -0.480077 -1.02149 0 dslr_images/DSC_1774.JPG
placeholder
28 0.0816243560534673 -0.0509932124368936 -0.9798297600488669 0.1751308028497635 0.49571 -0.518936 -1.16168 0 dslr_images/DSC_1775.JPG
placeholder
29 -0.0689336881938476 -0.02340224886448339 -0.982426063968254 0.17187062057234248 0.255861 -0.563771 -1.30666 0 dslr_images/DSC_1776.JPG
placeholder
30 0.28284922450433425 -0.018067473266772497 0.9446887673228612 -0.1650242876096253 0.123551 -0.593432 -1.37019 0 dslr_images/DSC_1777.JPG
placeholder
31 0.43198683633357526 -0.04876383138541542 0.8876718679512952 -0.15181606249334154 -0.0842587 -0.536948 -1.24178 0 dslr_images/DSC_1778.JPG
placeholder
32 0.5161410976013767 -0.06526552858147613 0.8420321996504622 -0.1425501767716586 -0.749811 -0.418768 -0.979813 0 dslr_images/DSC_1779.JPG
placeholder
33 0.6690028452499858 -0.10001160875187785 0.7268414512185744 -0.11888808162621574 -0.930561 -0.485475 -1.15423 0 dslr_images/DSC_1780.JPG
placeholder
34 0.7825884156119625 -0.12696954667174548 0.6016512379018094 -0.09721056475070157 -1.05778 -0.597309 -1.43356 0 dslr_images/DSC_1782.JPG
placeholder
35 0.8985117970895895 -0.1516449826098738 0.4074291075769176 -0.06067843141647653 -0.953462 -0.700984 -1.74379 0 dslr_images/DSC_1783.JPG
placeholder
36 0.9619879844674037 -0.17139132795394862 0.21105089685988795 -0.025722546086287074 -0.679312 -0.737741 -1.81723 0 dslr_images/DSC_1784.JPG
placeholder
37 0.9198372124611527 -0.3921177965144742 4.1792333765757785e-05 0.011963882385355352 -0.122708 -1.65224 -1.49847 0 dslr_images/DSC_1785.JPG
placeholder
38 0.8882058067464154 -0.39423048821067336 -0.21101241918923716 0.10557710914317245 0.434367 -1.70796 -1.49273 0 dslr_images/DSC_1786.JPG
placeholder
39 0.8394852555378532 -0.38384915412452225 -0.34562928573401275 0.16871493548417738 0.515836 -1.57534 -1.33678 0 dslr_images/DSC_1787.JPG
placeholder
40 0.73742911507503 -0.3472831727821561 -0.5261932697662803 0.24230835931657 0.914677 -1.30725 -1.07364 0 dslr_images/DSC_1788.JPG
placeholder
41 0.6306743349396129 -0.3040062749150273 -0.6495676741061784 0.29646568910593285 0.808935 -1.11822 -0.903972 0 dslr_images/DSC_1789.JPG
placeholder
42 0.49667117647481046 -0.2505053517061843 -0.7573234557289036 0.3420906234150832 0.511648 -0.919099 -0.716216 0 dslr_images/DSC_1790.JPG
placeholder
43 0.409344208904361 -0.21176768978763919 -0.8092433342509492 0.3643034314536107 0.11593 -0.89336 -0.699186 0 dslr_images/DSC_1791.JPG
placeholder
44 0.23539796772362578 -0.1395236659750561 -0.8781009679935224 0.39250431008245845 0.0794175 -0.957095 -0.744173 0 dslr_images/DSC_1792.JPG
placeholder
45 0.026793987258362413 -0.044041491050888046 -0.9138422532112481 0.40278377022740447 0.152472 -0.936115 -0.729288 0 dslr_images/DSC_1793.JPG
placeholder
46 0.14091829349768664 -0.031759934804329114 0.9067812530173219 -0.3960821887882114 -0.0690964 -0.966982 -0.758377 0 dslr_images/DSC_1794.JPG
placeholder
47 0.31527073578235865 -0.11310185498288557 0.8643374830544622 -0.37514403759857096 -0.143481 -1.03696 -0.816789 0 dslr_images/DSC_1795.JPG
placeholder
48 0.4478808806375168 -0.17510768793898543 0.8054189104339949 -0.3464684590252654 -0.162979 -1.02449 -0.803931 0 dslr_images/DSC_1796.JPG
placeholder
49 0.581295165210383 -0.23734927486298132 0.7171373295855858 -0.3024488438395913 -0.246161 -1.06789 -0.850229 0 dslr_images/DSC_1797.JPG
placeholder
50 0.6440768968513411 -0.2687402928611571 0.659703802579806 -0.2788090723003663 -0.66911 -1.1647 -0.931436 0 dslr_images/DSC_1798.JPG
placeholder
51 0.7421529869459061 -0.3160334648948228 0.5471960873692517 -0.22340151074159006 -0.915205 -1.34979 -1.10932 0 dslr_images/DSC_1799.JPG
placeholder
52 0.8212614014196102 -0.35695022775627006 0.4145597536363795 -0.16203844021709546 -0.802614 -1.55774 -1.29326 0 dslr_images/DSC_1800.JPG
placeholder
53 0.8727887773838074 -0.38340060417216104 0.2831389988843139 -0.10524273896135976 -0.759732 -1.6134 -1.34817 0 dslr_images/DSC_1802.JPG
placeholder
54 0.9072279310469297 -0.4051066448109447 0.11024538956834916 -0.02592376394834675 -0.424778 -1.86993 -1.57011 0 dslr_images/DSC_1803.JPG
placeholder
55 0.9114481062035346 -0.41064423019096835 0.02145377343810185 0.01316820086891558 -0.369406 -0.491288 -0.330504 0 dslr_images/DSC_1804.JPG
placeholder
56 0.6475803680632212 -0.2690315969573896 0.6572839156580846 -0.2761150502142822 -0.782325 0.203579 0.285442 0 dslr_images/DSC_1806.JPG
placeholder
57 -0.017469570245701758 -0.02279571292675704 -0.9144955139090787 0.40357542619411496 0.113677 0.559502 0.618629 0 dslr_images/DSC_1807.JPG
placeholder
58 0.6434995375816978 -0.3138841295178635 -0.6317498552530044 0.2971148241955663 0.649977 -0.117707 0.0217509 0 dslr_images/DSC_1808.JPG
placeholder
59 0.6998513673410736 -0.144438073143402 -0.6886503428527538 0.12290814434461125 0.645545 -0.124205 -0.0997163 0 dslr_images/DSC_1809.JPG
placeholder
60 0.9860329381668195 -0.16565995848181422 0.0072737975344670785 0.015585726654228915 -0.292229 -0.27777 -0.643412 0 dslr_images/DSC_1810.JPG
placeholder
61 0.708534092923103 -0.09877588730086902 0.6912437535211845 -0.10200410026810545 -0.897265 0.0263903 0.224964 0 dslr_images/DSC_1811.JPG
placeholder
62 0.015621305414124818 0.031163041774990588 0.986481938104681 -0.16011940993433998 0.0784951 0.207266 0.809587 0 dslr_images/DSC_1812.JPG
placeholder
63 -0.01583136098583291 -0.03119733637363829 -0.9864757568815609 0.16013018234386023 0.0780849 0.207419 0.809787 0 dslr_images/DSC_1813.JPG
placeholder
64 -0.00953323217170447 -0.03797863391495728 -0.9984225085362392 -0.04023972289315088 0.070614 -0.134787 0.770548 0 dslr_images/DSC_1814.JPG
placeholder
65 -0.00949695269774438 -0.03803409864234686 -0.9984165479219133 -0.04034367441880901 0.0706239 -0.134974 0.770458 0 dslr_images/DSC_1815.JPG
placeholder
66 0.7204465407198052 -0.0023756043245409804 -0.6932741179381962 -0.017948143803063112 0.701505 -0.0836012 -0.132404 0 dslr_images/DSC_1816.JPG
placeholder
67 0.9993285848708606 0.03456592361092667 -0.0018842710832507375 0.012001079426937091 -0.183178 -0.0106712 -0.782393 0 dslr_images/DSC_1817.JPG
placeholder
68 0.688865565102523 0.047975092807240875 0.7222926213508307 0.03815747408128281 -0.911192 -0.0724632 0.227275 0 dslr_images/DSC_1818.JPG
placeholder
