# IMAGE_ID, QW, QX, QY, QZ, TX, TY, TZ, CAMERA_ID, NAME
1 0.9994997530690977 -0.030993995087946858 0.00019508363281895382 -0.0062910909767225935 0.641055 2.28314 1.1305 0 dslr_images_undistorted/DSC_0844.JPG
placeholder
2 0.9863536890500627 -0.015603624126228703 -0.163818589261737 -0.005137783934142914 0.088213 2.25017 1.42992 0 dslr_images_undistorted/DSC_0845.JPG
placeholder
3 0.9321533450352463 -0.021626556777728623 -0.36140282799670714 -0.0032294422929380357 -0.666024 2.27937 1.39755 0 dslr_images_undistorted/DSC_0846.JPG
placeholder
4 0.8469786070770348 -0.023810608080581615 -0.5310835782100292 -0.0032445419261743283 -1.3191 2.29178 1.04034 0 dslr_images_undistorted/DSC_0847.JPG
placeholder
5 0.7751400846467348 -0.021941897142607705 -0.631402784054703 0.002631845665359258 -1.67432 2.28008 0.929115 0 dslr_images_undistorted/DSC_0848.JPG
placeholder
6 0.6716031874313916 -0.022138381070799632 -0.7405273253080706 0.008850490813185384 -2.11807 2.26703 0.497079 0 dslr_images_undistorted/DSC_0849.JPG
placeholder
7 0.5058463177666628 -0.04083400126541391 -0.8614179166681879 0.02027954599106388 -2.40667 2.30483 -0.226762 0 dslr_images_undistorted/DSC_0850.JPG
placeholder
8 0.3671850989091395 -0.01367119656561973 -0.927648788131468 -0.06675273329061943 -2.50771 2.42056 -0.360523 0 dslr_images_undistorted/DSC_0851.JPG
placeholder
9 0.22905264503739087 -0.029309432789520813 -0.9709723505013793 -0.06235813910596135 -2.5594 2.49451 -0.961474 0 dslr_images_undistorted/DSC_0852.JPG
placeholder
10 0.06023117096034019 -0.054901197019017425 -0.9936091764195389 -0.07809525686948594 -2.29793 2.69874 -1.68902 0 dslr_images_undistorted/DSC_0853.JPG
placeholder
11 0.008016105267480712 -0.04851205649543931 -0.9959702525956343 -0.07500385573763854 -2.53112 2.67028 -1.88978 0 dslr_images_undistorted/DSC_0854.JPG
placeholder
12 0.07403206831890215 -0.03996577092419452 -0.9914973723498104 -0.09927210402868353 -3.12292 2.75232 -1.67937 0 dslr_images_undistorted/DSC_0855.JPG
placeholder
13 -0.00417904507632148 -0.03817202104571224 -0.9950277661546999 -0.09189764399985287 -3.06224 2.83632 -2.57339 0 dslr_images_undistorted/DSC_0856.JPG
placeholder
14 -0.1678110285038007 -0.05998813356162676 -0.9819684996024621 -0.06307732027265017 -2.13583 2.80243 -3.23394 0 dslr_images_undistorted/DSC_0857.JPG
placeholder
15 -0.3438358626795284 -0.08006947376090855 -0.932651259435689 -0.07434653441888779 -1.12317 2.94733 -3.6802 0 dslr_images_undistorted/DSC_0858.JPG
placeholder
16 -0.5524708190880948 -0.09715298702986716 -0.8244051308479898 -0.07545509524752533 0.628954 2.96471 -3.79547 0 dslr_images_undistorted/DSC_0859.JPG
placeholder
17 -0.6570072258014557 -0.10494967524763943 -0.7424082146846567 -0.07846727775850841 1.39315 2.98947 -3.66539 0 dslr_images_undistorted/DSC_0860.JPG
placeholder
18 -0.7870299707656433 -0.10655338997308199 -0.6041842507259568 -0.06474250054322421 2.74497 2.83189 -3.27262 0 dslr_images_undistorted/DSC_0861.JPG
placeholder
19 -0.8831057439972432 -0.10856787085121557 -0.45339888282023333 -0.05259957599899081 3.52232 2.53246 -1.87175 0 dslr_images_undistorted/DSC_0862.JPG
placeholder
20 0.9390209446880422 0.07955952769592652 -0.33158744274125945 -0.04426866619054651 -0.476184 1.94654 1.68417 0 dslr_images_undistorted/DSC_0871.JPG
placeholder
21 0.8389502726172574 0.06449927684435443 -0.5362454620899886 -0.0666564906808004 -1.09795 1.98125 1.62015 0 dslr_images_undistorted/DSC_0872.JPG
placeholder
22 0.8220175907832982 0.06107780788693906 -0.5617336146168533 -0.07079497182733421 -1.19719 1.90235 2.0235 0 dslr_images_undistorted/DSC_0873.JPG
placeholder
23 0.8230155385783269 0.06201096212619324 -0.5614516763733112 -0.059766871529376625 -1.17556 1.79175 2.52808 0 dslr_images_undistorted/DSC_0874.JPG
placeholder
24 0.8131756307208113 0.04777897836655453 -0.5789807001582552 -0.03526913200400189 -1.18347 1.78501 2.98292 0 dslr_images_undistorted/DSC_0875.JPG
placeholder
25 0.7681328143299065 0.06684133224677555 -0.6349987603134131 -0.04775761984774873 -1.54858 1.5426 3.39151 0 dslr_images_undistorted/DSC_0876.JPG
placeholder
26 0.7754440714037419 0.07164203087504714 -0.625302160950906 -0.05050860369297947 -1.37864 1.42262 3.77642 0 dslr_images_undistorted/DSC_0877.JPG
placeholder
27 -0.8980108337468493 -0.12549133444938912 -0.41990774885805554 -0.03880657032462848 4.30772 2.10917 -0.403026 0 dslr_images_undistorted/DSC_0879.JPG
placeholder
28 -0.8744745657709103 -0.11657889671715177 -0.4686861303235076 -0.04513209392844202 3.83526 2.35635 -1.45809 0 dslr_images_undistorted/DSC_0880.JPG
placeholder
29 -0.3784365157675046 -0.06924955186023295 -0.9162593970187547 -0.11161998242132244 -0.932793 2.89521 -2.65965 0 dslr_images_undistorted/DSC_0881.JPG
placeholder
30 0.36373114834331033 -0.023674188665165827 -0.9247894745853285 -0.10910367643711692 -2.14457 2.41948 0.350323 0 dslr_images_undistorted/DSC_0883.JPG
placeholder
