# IMAGE_ID, QW, QX, QY, QZ, TX, TY, TZ, CAMERA_ID, NAME
1 0.9995827331533937 0.028875583643958813 -2.1613352677811778e-05 -0.0007481869252819502 -4.36094 -0.189141 0.301486 0 dslr_images_undistorted/DSC_0614.JPG
placeholder
2 0.999525352346394 0.027607634062701614 0.013500742927680125 -0.00214906925849015 -3.95373 -0.178339 0.44228 0 dslr_images_undistorted/DSC_0615.JPG
placeholder
3 0.9995939182538582 0.027909953209953577 0.005117034441514758 -0.002617070927907622 -3.61016 -0.171534 0.395669 0 dslr_images_undistorted/DSC_0616.JPG
placeholder
4 0.9994068229227925 0.028608673358472936 0.01846725726981065 -0.005148447627116659 -3.26039 -0.154865 0.510997 0 dslr_images_undistorted/DSC_0617.JPG
placeholder
5 0.9992708576373125 0.029630597411081795 0.023508235636610145 -0.005209955000407043 -2.90366 -0.15706 0.546442 0 dslr_images_undistorted/DSC_0618.JPG
placeholder
6 0.9992379445686262 0.02828137193046843 0.02662616854521448 -0.003839438057767619 -2.61258 -0.162419 0.538698 0 dslr_images_undistorted/DSC_0619.JPG
placeholder
7 0.9993553359651383 0.030246910797374692 0.01846559486344557 -0.005749667082597198 -2.29876 -0.152552 0.483541 0 dslr_images_undistorted/DSC_0620.JPG
placeholder
8 0.9991727717636671 0.02899356134030313 0.0276532895772461 -0.00695996713166111 -1.97398 -0.147445 0.491759 0 dslr_images_undistorted/DSC_0622.JPG
placeholder
9 0.9992879424019402 0.029426013273190985 0.023120366254172665 -0.004813167067105082 -1.68812 -0.156028 0.442515 0 dslr_images_undistorted/DSC_0623.JPG
placeholder
10 0.999434773929523 0.028852776479623886 0.017185062788825964 -0.0015243250324629373 -1.38215 -0.164711 0.415355 0 dslr_images_undistorted/DSC_0624.JPG
placeholder
11 0.9993337024380593 0.027481682448104824 0.023967219233224268 -0.0015750249168466463 -1.07366 -0.162342 0.433088 0 dslr_images_undistorted/DSC_0625.JPG
placeholder
12 0.9992534102691518 0.026829530822945483 0.027587173881278113 -0.0034272698369129215 -0.791632 -0.157447 0.410311 0 dslr_images_undistorted/DSC_0626.JPG
placeholder
13 0.9993146726193235 0.028749596415139682 0.02307836810420183 -0.0033218548053798157 -0.518046 -0.159613 0.384728 0 dslr_images_undistorted/DSC_0627.JPG
placeholder
14 0.9993297792818978 0.02955864739746411 0.021438678679568408 -0.002581019352952839 -0.219454 -0.16063 0.370716 0 dslr_images_undistorted/DSC_0628.JPG
placeholder
15 0.9993502671258622 0.028845791636720346 0.021409850356977674 -0.0029295405801453493 0.10583 -0.15818 0.371613 0 dslr_images_undistorted/DSC_0629.JPG
placeholder
16 0.9991000935189206 0.02897791893147097 0.030502258861613354 -0.005375458047884551 0.418238 -0.157524 0.379342 0 dslr_images_undistorted/DSC_0630.JPG
placeholder
17 0.9989562653020495 0.030313008153005683 0.03334855749993567 -0.007441455715832327 0.714953 -0.161257 0.383041 0 dslr_images_undistorted/DSC_0631.JPG
placeholder
18 0.9990157155176622 0.02813336977651629 0.03382960860754668 -0.005627720249945622 1.01087 -0.154708 0.409852 0 dslr_images_undistorted/DSC_0632.JPG
placeholder
19 0.6973036291333293 0.019868635063630586 0.7158555718355687 -0.030392209695374373 -0.480164 -0.189501 1.11389 0 dslr_images_undistorted/DSC_0648.JPG
placeholder
20 0.6943738935645744 0.022920540148073258 0.7185579633697138 -0.03152773466747647 -0.136375 -0.188647 1.11934 0 dslr_images_undistorted/DSC_0649.JPG
placeholder
21 0.6905181668509546 0.02236834913858536 0.722330990033563 -0.03036871816103575 0.17289 -0.190613 1.10421 0 dslr_images_undistorted/DSC_0650.JPG
placeholder
22 0.6977697481837263 0.020725186683404173 0.715390339773329 -0.03007502145566017 0.418591 -0.185953 1.09943 0 dslr_images_undistorted/DSC_0651.JPG
placeholder
23 0.7026871348457134 0.021338675041638982 0.710536263081413 -0.030226979936646293 0.650845 -0.185714 1.09794 0 dslr_images_undistorted/DSC_0652.JPG
placeholder
24 0.6955139853259138 0.022781304247639283 0.7175625007256221 -0.0290751774755152 1.01505 -0.19116 1.08629 0 dslr_images_undistorted/DSC_0653.JPG
placeholder
25 0.7276097139271092 0.03093025717058342 -0.6847550802490492 0.02716437857544981 0.58867 -0.194765 -0.859094 0 dslr_images_undistorted/DSC_0654.JPG
placeholder
26 0.70670586499219 0.029301976650478123 -0.7063057293447325 0.02899019221773029 0.216646 -0.199754 -0.863948 0 dslr_images_undistorted/DSC_0655.JPG
placeholder
27 0.7238551971850642 0.028117947291833235 -0.6887939752275292 0.028388276427491903 -0.105966 -0.204858 -0.920543 0 dslr_images_undistorted/DSC_0656.JPG
placeholder
28 0.7084674720124229 0.027447705268331794 -0.7046048264575783 0.0291976558736475 -0.358273 -0.206642 -0.941002 0 dslr_images_undistorted/DSC_0657.JPG
placeholder
29 0.7089089729793189 0.02625279393118252 -0.7042229606272622 0.028790285958772602 -0.746913 -0.208397 -1.00594 0 dslr_images_undistorted/DSC_0658.JPG
placeholder
30 0.7066617144479324 0.026589339709077633 -0.7064553245817851 0.02903623111543554 -0.978304 -0.20918 -1.0185 0 dslr_images_undistorted/DSC_0659.JPG
placeholder
31 0.7139920836322573 0.029364621884544785 -0.6989081192657918 0.02967261896765222 -0.934307 -0.236074 -3.2552 0 dslr_images_undistorted/DSC_0660.JPG
placeholder
32 0.7195467789036041 0.02859037349569993 -0.6931661814794048 0.030913886298642418 -0.605591 -0.245545 -3.26375 0 dslr_images_undistorted/DSC_0661.JPG
placeholder
33 0.7123084130071767 0.0263912128691377 -0.7007226789275047 0.03013230623690054 -0.187224 -0.246769 -3.31192 0 dslr_images_undistorted/DSC_0662.JPG
placeholder
34 0.7185732151923027 0.026452345612583233 -0.6942842902220122 0.030366629228580324 0.103829 -0.248604 -3.32045 0 dslr_images_undistorted/DSC_0663.JPG
placeholder
35 0.7064322249877545 0.02657777283722574 -0.7065569273370971 0.03200690428366952 0.549543 -0.248324 -3.29485 0 dslr_images_undistorted/DSC_0664.JPG
placeholder
36 0.7213516685549775 0.027341018877101404 -0.6912000748646129 0.03386289218105261 0.722932 -0.254031 -3.29567 0 dslr_images_undistorted/DSC_0665.JPG
placeholder
37 0.7071616020080852 0.019430056047795973 0.7059408515610107 -0.034531951358896376 -0.728648 -0.159552 2.97467 0 dslr_images_undistorted/DSC_0666.JPG
placeholder
38 0.6959280568149472 0.016182901958215173 0.7170840144790729 -0.034824841716214465 -0.276735 -0.150611 2.97154 0 dslr_images_undistorted/DSC_0667.JPG
placeholder
39 0.7020864222555253 0.01181632005386293 0.7111648222681067 -0.03434568143440084 0.0486451 -0.130656 2.9451 0 dslr_images_undistorted/DSC_0668.JPG
placeholder
40 0.6916194984403323 0.012009029947480458 0.7213349137228086 -0.034557124032132215 0.474132 -0.131178 2.92267 0 dslr_images_undistorted/DSC_0669.JPG
placeholder
41 0.6964398758718154 0.013164199212669795 0.7166407691369416 -0.03498872912170854 0.80384 -0.13132 2.92033 0 dslr_images_undistorted/DSC_0670.JPG
placeholder
42 0.6906902291753719 0.011501917890365532 0.7222018944134299 -0.03520137656638949 1.12747 -0.120981 2.92267 0 dslr_images_undistorted/DSC_0671.JPG
placeholder
