# IMAGE_ID, QW, QX, QY, QZ, TX, TY, TZ, CAMERA_ID, NAME
1 1.0 0.0 0.0 0.0 0.0857868 1.56189 1.17582 0 dslr_images_undistorted/DSC_0458.JPG
placeholder
2 0.991643674517612 -0.12288394801550342 0.011738053420615846 0.03747767617164058 -0.226254 0.874095 0.320819 0 dslr_images_undistorted/DSC_0459.JPG
placeholder
3 0.9965399067412211 -0.08003423507519923 0.004052115432821581 0.02205257011428364 -0.150903 1.21988 0.468807 0 dslr_images_undistorted/DSC_0460.JPG
placeholder
4 0.9972708204261047 0.06993361777064193 -0.00874414859361641 -0.021994083239056512 0.0815052 1.7309 1.10435 0 dslr_images_undistorted/DSC_0461.JPG
placeholder
5 0.9931175900773656 0.11217519424097316 -0.009518360308739472 -0.03230447171768633 0.169654 2.05817 1.30764 0 dslr_images_undistorted/DSC_0462.JPG
placeholder
6 0.9768071202955216 0.20470165934644097 -0.018309968529590957 -0.06008182298523863 0.322113 2.31522 1.7408 0 dslr_images_undistorted/DSC_0463.JPG
placeholder
7 0.963766256102898 0.25567135313442707 -0.02318224392668725 -0.07245237297934388 0.409045 2.53115 2.01638 0 dslr_images_undistorted/DSC_0464.JPG
placeholder
8 0.9344340858197124 0.3403633695218289 -0.03301639604705155 -0.09947679899398429 0.537535 2.80246 2.34799 0 dslr_images_undistorted/DSC_0465.JPG
placeholder
9 0.9122831622475255 0.39166144976418 -0.03812185907672612 -0.11352296908031494 0.642378 3.04011 2.65264 0 dslr_images_undistorted/DSC_0466.JPG
placeholder
10 0.8730190528048071 0.46561484456974706 -0.0451308022629568 -0.13785412813256537 0.830959 3.2011 3.17475 0 dslr_images_undistorted/DSC_0467.JPG
placeholder
11 0.7899360800153692 0.5866977852300482 -0.054386320922600935 -0.16979053681702216 1.02246 2.76852 4.06371 0 dslr_images_undistorted/DSC_0468.JPG
placeholder
12 0.6317198689002125 0.4521123588886069 0.23936661250275254 0.5824328690895071 -2.24743 -0.251633 3.1231 0 dslr_images_undistorted/DSC_0469.JPG
placeholder
13 0.5545411413835695 0.5803135345189319 0.37867482854056644 0.4607881274478816 -1.1102 -0.285015 3.84526 0 dslr_images_undistorted/DSC_0470.JPG
placeholder
14 0.4765393164622569 0.6529612556030221 0.46934672393801813 0.35533861495151314 -0.370498 -0.307684 3.94756 0 dslr_images_undistorted/DSC_0471.JPG
placeholder
15 0.3936185208320761 0.7023423826369299 0.5392150481786003 0.24703596788240934 0.370668 -0.314144 3.89969 0 dslr_images_undistorted/DSC_0472.JPG
placeholder
16 0.26997446711083745 0.7382587697161174 0.6103160733410441 0.0979901355598289 1.43083 -0.319314 3.04995 0 dslr_images_undistorted/DSC_0473.JPG
placeholder
17 0.14728483137500165 0.7435932273528958 0.6510455081894543 -0.03893631913878509 2.34709 -0.331015 2.00755 0 dslr_images_undistorted/DSC_0474.JPG
placeholder
18 -0.02926599810534253 0.7082775478408109 0.6678803083481301 -0.22676487889510757 3.31901 -0.339054 0.192159 0 dslr_images_undistorted/DSC_0475.JPG
placeholder
19 -0.027277796300143875 0.7084040022342463 0.6691208169951914 -0.22292829275620782 2.59139 -0.318892 0.18683 0 dslr_images_undistorted/DSC_0476.JPG
placeholder
20 -0.013108625455591551 0.7112143223236794 0.6692298560191329 -0.21478768929560454 1.84611 -0.298934 0.174732 0 dslr_images_undistorted/DSC_0477.JPG
placeholder
21 -0.011200739789610725 0.7098182762412418 0.670889577814389 -0.21433556056359074 1.25113 -0.280206 0.113421 0 dslr_images_undistorted/DSC_0478.JPG
placeholder
22 -0.01689857584544591 0.7116200251493222 0.6688854099180521 -0.21425145586350927 2.20986 -0.309709 -0.0266305 0 dslr_images_undistorted/DSC_0480.JPG
placeholder
23 0.6516755479951845 -0.010635026939736782 -0.2033168706159442 0.7306627994294678 -1.57936 -0.236207 0.289008 0 dslr_images_undistorted/DSC_0481.JPG
placeholder
24 0.6179015329619193 -0.11947075475837948 -0.29556252631165403 0.7187261142890566 -1.27106 -0.227129 -0.391328 0 dslr_images_undistorted/DSC_0482.JPG
placeholder
25 0.5420609759574945 -0.2708703008352051 -0.41592942735824673 0.6780869339007317 -0.529964 -0.236337 -1.11138 0 dslr_images_undistorted/DSC_0483.JPG
placeholder
26 0.4970895346415403 -0.3408986516242374 -0.46437235868146703 0.6488824364730831 0.72856 -0.265272 -1.78258 0 dslr_images_undistorted/DSC_0484.JPG
placeholder
27 0.4905465176008331 -0.34635750352412853 -0.47082797967369644 0.6463138613542294 0.206004 -0.250908 -1.79876 0 dslr_images_undistorted/DSC_0485.JPG
placeholder
28 0.49017100158072424 -0.3484522465563907 -0.4729143384689476 0.643945222475974 -0.238166 -0.238592 -1.82786 0 dslr_images_undistorted/DSC_0486.JPG
placeholder
29 0.4954927368887912 -0.3433173361303832 -0.4664014913073892 0.6473714569773957 -0.768772 -0.232371 -1.85332 0 dslr_images_undistorted/DSC_0487.JPG
placeholder
30 0.4928410477143169 -0.34911476950663284 -0.47032502909315677 0.6434445946689632 -1.26377 -0.215935 -1.90619 0 dslr_images_undistorted/DSC_0488.JPG
placeholder
31 0.49299320814596737 -0.3475533722269968 -0.4692207539438192 0.6449777005788522 -1.7778 -0.210347 -1.91573 0 dslr_images_undistorted/DSC_0489.JPG
placeholder
