# IMAGE_ID, QW, QX, QY, QZ, TX, TY, TZ, CAMERA_ID, NAME
1 0.9359015708639882 -0.3366217115114343 -0.03513050035025267 0.0976725188503551 -0.860299 -3.14578 -0.213428 0 dslr_images/DSC_0490.JPG
placeholder
2 0.968284893496902 -0.2304746486786352 -0.048474839052000125 0.08340258581744027 -0.872458 -2.38877 -0.943733 0 dslr_images/DSC_0491.JPG
placeholder
3 0.9872915519973164 -0.13117574229555706 -0.062050447897301436 0.06479242165318623 -0.875094 -1.49711 -1.46699 0 dslr_images/DSC_0492.JPG
placeholder
4 0.9948262734689908 -0.05283811062306725 -0.07256261889533716 0.0475761076658799 -0.847838 -0.652926 -1.70296 0 dslr_images/DSC_0493.JPG
placeholder
5 0.9942939563681856 0.06096519179443047 -0.08209996736934937 0.03037052974711951 -0.799588 0.404148 -1.85571 0 dslr_images/DSC_0494.JPG
placeholder
6 0.9808090653834167 0.17182531845089305 -0.09156524139788638 0.010268581630615708 -0.724325 1.41105 -1.69175 0 dslr_images/DSC_0495.JPG
placeholder
7 0.9433024433123591 0.3149926583216843 -0.10371472296705292 -0.01426120206152933 -0.627436 2.42968 -1.30318 0 dslr_images/DSC_0496.JPG
placeholder
8 0.9122510260070937 0.3929809034317098 -0.11141636154519027 -0.030829684835131196 -0.513483 3.17607 -0.778615 0 dslr_images/DSC_0497.JPG
placeholder
9 0.8566160177085975 0.49881873325800935 -0.12030263464603527 -0.054001348623541355 -0.346418 3.87423 0.253539 0 dslr_images/DSC_0498.JPG
placeholder
10 0.7880715138443731 0.5984554827364665 -0.12473225662597391 -0.07236151191547244 -0.234085 4.29878 1.24167 0 dslr_images/DSC_0499.JPG
placeholder
11 0.7281456384923833 0.6675337953634454 -0.1289582269115467 -0.08701917549611278 -0.134918 4.49934 2.03258 0 dslr_images/DSC_0500.JPG
placeholder
