# IMAGE_ID, QW, QX, QY, QZ, TX, TY, TZ, CAMERA_ID, NAME
1 0.990907155777665 0.13245509380290016 0.0031315729723005773 0.023427547993813958 -1.27468 -3.85487 -12.027 0 dslr_images_undistorted/DSC_0324.JPG
placeholder
2 0.9899809557665267 0.13652286978955902 -0.014241002153965319 0.033112038621448674 -1.95101 -3.84266 -12.4237 0 dslr_images_undistorted/DSC_0325.JPG
placeholder
3 0.9526668684602054 0.11710932745946812 -0.24174147427871706 0.1423808371016586 3.99893 -3.91133 -11.97 0 dslr_images_undistorted/DSC_0326.JPG
placeholder
4 0.8699274405986998 0.09536582191061363 -0.42847082554862886 0.22482072804433598 8.11762 -3.25996 -9.48201 0 dslr_images_undistorted/DSC_0327.JPG
placeholder
5 0.8033885116680919 0.06473563576736402 -0.5194476505406322 0.2838139093302873 9.67498 -2.88432 -7.20892 0 dslr_images_undistorted/DSC_0328.JPG
placeholder
6 0.7012459264039682 0.05038459546579829 -0.6317800821056154 0.32644979873819835 10.9113 -1.58911 -3.48785 0 dslr_images_undistorted/DSC_0329.JPG
placeholder
7 0.7109627507254609 0.05218218706908361 -0.6211692436486025 0.3255115315600917 10.3704 -1.28008 -2.77042 0 dslr_images_undistorted/DSC_0330.JPG
placeholder
8 0.7517602000358281 0.049590749645272846 -0.5840990851263084 0.3020357891812182 9.68102 -1.41464 -2.53589 0 dslr_images_undistorted/DSC_0331.JPG
placeholder
9 0.7641279698701013 0.05975802287345737 -0.5694093209108839 0.29717074153465883 9.63345 -0.649187 -0.788234 0 dslr_images_undistorted/DSC_0332.JPG
placeholder
10 0.7530367966548679 0.05370654122594877 -0.5807040747226838 0.30468667170355845 8.797 -0.190444 0.525181 0 dslr_images_undistorted/DSC_0333.JPG
placeholder
11 0.6941951065087644 0.037264817485489744 -0.6376419553529847 0.3318391541857002 7.83893 0.61074 2.85138 0 dslr_images_undistorted/DSC_0334.JPG
placeholder
12 0.6997909381267138 0.04338247432693805 -0.6350445669468594 0.32423602796154904 7.51101 0.792556 3.5262 0 dslr_images_undistorted/DSC_0335.JPG
placeholder
13 0.6794872649503757 0.04562527362899719 -0.6509108330691719 0.3354556283172691 6.15241 1.11218 4.12146 0 dslr_images_undistorted/DSC_0336.JPG
placeholder
14 0.6764357715762557 0.05142723044321915 -0.6532876654469174 0.3361623314351154 5.34337 1.15541 4.17409 0 dslr_images_undistorted/DSC_0337.JPG
placeholder
15 0.6924193035591422 0.05306336505800735 -0.6402898853149691 0.32828135815293713 4.60243 1.06968 3.97614 0 dslr_images_undistorted/DSC_0338.JPG
placeholder
16 0.678475043953539 0.04509189954752229 -0.6571773323713858 0.32520192057346253 3.49415 1.02766 4.14842 0 dslr_images_undistorted/DSC_0339.JPG
placeholder
17 0.7009570378525906 0.036183553564720944 -0.6350813878856478 0.3225238166362141 2.82902 1.03315 3.8978 0 dslr_images_undistorted/DSC_0340.JPG
placeholder
18 0.6811504801817326 0.04451850068251707 -0.6451471374296935 0.3432743764271492 1.65411 1.22097 4.02178 0 dslr_images_undistorted/DSC_0341.JPG
placeholder
19 0.69726346810403 0.06280233853730334 -0.6282064701698692 0.33946450942403367 0.909928 1.15717 3.94003 0 dslr_images_undistorted/DSC_0342.JPG
placeholder
20 0.6797885802233508 0.057372224546148654 -0.6449376415352948 0.34445805634277016 -0.107016 1.13369 3.91202 0 dslr_images_undistorted/DSC_0343.JPG
placeholder
21 0.6884371828377307 0.05627720802878145 -0.6384138794000855 0.3395803877320763 -0.813752 1.11482 3.86867 0 dslr_images_undistorted/DSC_0344.JPG
placeholder
22 0.6909552708236616 0.060802145004889126 -0.6342662767948276 0.3414530758459091 -1.70604 1.06488 3.80459 0 dslr_images_undistorted/DSC_0345.JPG
placeholder
23 0.6870909153863978 0.05881972025524852 -0.6380882810019494 0.34247578038534865 -2.64488 1.0333 3.71702 0 dslr_images_undistorted/DSC_0346.JPG
placeholder
24 0.7407514742718128 0.06117895472931722 -0.5866830996323211 0.32147679460293277 -2.79695 1.19076 4.00147 0 dslr_images_undistorted/DSC_0347.JPG
placeholder
25 0.7746460847557168 0.08259280287126392 -0.5451808963045496 0.30964441314364993 -3.23384 1.09336 4.22927 0 dslr_images_undistorted/DSC_0348.JPG
placeholder
26 0.7582417688950214 0.07549604611137806 -0.5627359493364659 0.320465315204133 -4.56359 0.927927 3.67847 0 dslr_images_undistorted/DSC_0349.JPG
placeholder
27 0.7708663236609572 0.08082402479812162 -0.5540985262575374 0.3036567326111806 -5.43815 0.878294 3.59486 0 dslr_images_undistorted/DSC_0350.JPG
placeholder
28 0.7962752319283256 0.08639095177658872 -0.5245573047099391 0.28865549110327116 -6.14065 0.937461 3.81163 0 dslr_images_undistorted/DSC_0351.JPG
placeholder
29 0.8212631371387159 0.09110211154352886 -0.48710412442582995 0.2827663997308217 -6.63234 0.966284 4.09102 0 dslr_images_undistorted/DSC_0352.JPG
placeholder
30 0.7635038676941067 0.08367818519931813 -0.5571292822602658 0.31570044058577074 -8.21159 0.359594 2.49964 0 dslr_images_undistorted/DSC_0353.JPG
placeholder
31 0.7404651563411735 0.03572665066012935 -0.5810325311419905 0.33591093526704763 -9.48416 0.487599 1.31491 0 dslr_images_undistorted/DSC_0354.JPG
placeholder
32 0.7783840406819622 0.04208502582924159 -0.5343274841441311 0.3268658371576584 -10.3911 0.722076 2.32291 0 dslr_images_undistorted/DSC_0355.JPG
placeholder
33 0.7806292331506793 0.04926522761105159 -0.528803857272492 0.32948052785065696 -11.3669 0.542997 2.41376 0 dslr_images_undistorted/DSC_0356.JPG
placeholder
34 0.6985477167197696 0.04676404132180873 -0.620519520390712 0.35327006201903033 -12.4407 -0.61985 -0.789666 0 dslr_images_undistorted/DSC_0357.JPG
placeholder
35 0.5775984862334199 0.027950955435087087 -0.7070587667275554 0.407021661812779 -12.2418 -2.45853 -4.77878 0 dslr_images_undistorted/DSC_0358.JPG
placeholder
36 0.481760891137852 0.008680516847169913 -0.765092348802809 0.4271589753250301 -11.478 -3.43404 -7.73717 0 dslr_images_undistorted/DSC_0359.JPG
placeholder
37 0.277065451795019 -0.0034616046067332856 -0.8453528735197656 0.4567288823219351 -7.22485 -5.1501 -11.9193 0 dslr_images_undistorted/DSC_0360.JPG
placeholder
38 0.002750388206592881 -0.01626168883696309 -0.9020932621921223 0.4312258563078726 0.455867 -4.92106 -14.6704 0 dslr_images_undistorted/DSC_0361.JPG
placeholder
39 -0.03586472288787995 -0.021461104290722312 -0.904329672131129 0.42478345866806444 0.897551 -4.811 -14.8743 0 dslr_images_undistorted/DSC_0362.JPG
placeholder
40 -0.23060376614777825 -0.05187511787330333 -0.8853680880588524 0.40031765365907096 6.02249 -4.22766 -13.9741 0 dslr_images_undistorted/DSC_0363.JPG
placeholder
41 0.5166412529544803 0.08426927301247239 0.7805162404421394 -0.3417234317070495 12.8291 -2.46026 -8.59933 0 dslr_images_undistorted/DSC_0364.JPG
placeholder
42 0.6591726075343378 0.10626545353637312 0.6849814391369944 -0.29154683139918197 14.4671 -1.13316 -4.08496 0 dslr_images_undistorted/DSC_0365.JPG
placeholder
43 0.7684247537000796 0.12152538257552195 0.5825409396754582 -0.23537424007923885 14.3013 0.160328 0.0218954 0 dslr_images_undistorted/DSC_0366.JPG
placeholder
44 0.8711953471327669 0.12050713528626858 0.4499828759075777 -0.15495841012755723 -8.70563 -2.20011 -5.17669 0 dslr_images_undistorted/DSC_0386.JPG
placeholder
45 0.9803267524627481 0.13394388955288963 0.14491221301352625 -0.00435239897155348 -3.55618 -3.40206 -10.0138 0 dslr_images_undistorted/DSC_0387.JPG
placeholder
46 0.9816296759267213 0.14421559523796113 -0.08456938788241773 0.09194052459799158 1.19124 -3.16621 -11.0242 0 dslr_images_undistorted/DSC_0388.JPG
placeholder
47 0.9496931443364267 0.1260767607651091 -0.24094628083591302 0.15534629621175364 4.39702 -3.09885 -10.2362 0 dslr_images_undistorted/DSC_0389.JPG
placeholder
48 0.8410920515499133 0.25592954598996714 -0.4503819962445858 0.15562867912974565 8.23851 0.400442 -8.31836 0 dslr_images_undistorted/DSC_0390.JPG
placeholder
49 0.9237982491225373 0.2769532391146242 -0.24184085774307998 0.10680214318141666 2.32152 0.195837 -10.8934 0 dslr_images_undistorted/DSC_0391.JPG
placeholder
50 0.8042710498411608 0.229931395844241 -0.5196700286162945 0.1738467513370771 11.1279 0.110412 -7.16249 0 dslr_images_undistorted/DSC_0392.JPG
placeholder
51 0.6835293118600175 0.19685111443794065 -0.6691944364762152 0.21497935892078662 15.0873 0.294768 -2.48554 0 dslr_images_undistorted/DSC_0393.JPG
placeholder
52 0.24350892357006326 -0.007298035109122063 -0.8598896671330413 0.4485977075098832 8.78065 4.22644 10.9555 0 dslr_images_undistorted/DSC_0394.JPG
placeholder
53 0.3693802288006436 0.024698761179400636 -0.8423515067446933 0.39165310780374535 6.44206 1.30728 5.18215 0 dslr_images_undistorted/DSC_0395.JPG
placeholder
54 0.5227724193584404 0.04063057157165162 -0.7662915846059177 0.37128878460577786 3.46903 0.0901539 1.01844 0 dslr_images_undistorted/DSC_0396.JPG
placeholder
55 0.6573975222883304 0.1482199041032756 -0.6930924319726224 0.2558949754470685 1.06424 -0.167507 -0.149722 0 dslr_images_undistorted/DSC_0397.JPG
placeholder
56 0.6790279167464178 0.12161896875482396 -0.6710043476364664 0.2718144223013068 1.04713 -0.135834 0.337738 0 dslr_images_undistorted/DSC_0398.JPG
placeholder
57 0.6817183991721222 0.1203063829825096 -0.6694959719092154 0.26937249681658293 0.0637964 -0.126798 0.37528 0 dslr_images_undistorted/DSC_0399.JPG
placeholder
58 0.6894465525260868 0.1199940923675781 -0.6635431319424232 0.2645286015893463 -0.952641 -0.122397 0.311409 0 dslr_images_undistorted/DSC_0400.JPG
placeholder
59 0.6780200035276924 0.1215862248436666 -0.67222803496829 0.27132108975758723 -1.94422 -0.132461 0.28656 0 dslr_images_undistorted/DSC_0401.JPG
placeholder
60 0.6739796453345861 0.12056822612113445 -0.6755586567131715 0.27356030754582056 -2.01125 -0.265582 -0.763037 0 dslr_images_undistorted/DSC_0402.JPG
placeholder
61 0.6852427324573148 0.07483504141217755 -0.6543014365808955 0.31101727328148016 -0.0922348 -0.441168 -1.0218 0 dslr_images_undistorted/DSC_0404.JPG
placeholder
62 0.6935551709684884 0.07430561364340449 -0.6462921141574671 0.30946147382480327 -0.267518 -0.761667 -2.23559 0 dslr_images_undistorted/DSC_0405.JPG
placeholder
63 0.6907059460796933 0.07361003215112814 -0.649325581885363 0.30965004105619043 -0.292321 -0.21429 -0.164229 0 dslr_images_undistorted/DSC_0406.JPG
placeholder
64 0.693273209771083 0.07331807190470034 -0.6459977045365819 0.31093999851956033 -0.228827 0.130802 1.16113 0 dslr_images_undistorted/DSC_0407.JPG
placeholder
65 0.696483059543197 0.07387031469692006 -0.6434779073985456 0.3088538603707497 -0.132847 0.608751 2.96489 0 dslr_images_undistorted/DSC_0408.JPG
placeholder
66 0.6897131264694973 0.07201765217962625 -0.6504248143707784 0.309930349919049 -0.152154 0.926359 4.19073 0 dslr_images_undistorted/DSC_0409.JPG
placeholder
67 0.681095002129146 0.06976280696295484 -0.6559790517791649 0.3177014832610256 -0.250106 1.31436 5.48771 0 dslr_images_undistorted/DSC_0410.JPG
placeholder
68 0.6829625718543839 0.07456025942101163 -0.6547895558064887 0.3150452836781698 -0.209111 1.61141 6.82642 0 dslr_images_undistorted/DSC_0411.JPG
placeholder
69 0.6902688276390965 0.0765104248679618 -0.6497060844348119 0.3091231216273807 -0.0451174 2.00065 8.49186 0 dslr_images_undistorted/DSC_0412.JPG
placeholder
70 0.928392726743269 0.13452708968345944 -0.29777691127258593 0.17696982280732199 -3.34505 1.25679 5.61085 0 dslr_images_undistorted/DSC_0413.JPG
placeholder
71 0.950725786068201 0.13465240461548666 -0.23977259136071633 0.14317232298330412 -5.59411 2.36969 9.02789 0 dslr_images_undistorted/DSC_0414.JPG
placeholder
72 0.9527143455731171 0.15684481012508644 -0.21977537733763805 0.13940539728472412 -6.7566 2.58801 11.8966 0 dslr_images_undistorted/DSC_0415.JPG
placeholder
73 -0.057484657609344354 -0.034521080190340954 -0.8963671967669714 0.4382118867878303 2.50189 -5.3841 -14.9885 0 dslr_images_undistorted/DSC_0419.JPG
placeholder
74 -0.20427730177171527 -0.05636822998914618 -0.886202437431134 0.41199350300687443 6.17046 -4.60359 -14.039 0 dslr_images_undistorted/DSC_0420.JPG
placeholder
75 0.9889518537662334 0.13113450465367782 0.06904468450524995 -0.003286968684910472 2.92077 4.46732 14.1605 0 dslr_images_undistorted/DSC_0421.JPG
placeholder
76 -0.12712125385408599 -0.043466936479696225 -0.8972569386702183 0.42057198939038176 -2.96324 4.45691 13.9612 0 dslr_images_undistorted/DSC_0422.JPG
placeholder
