# IMAGE_ID, QW, QX, QY, QZ, TX, TY, TZ, CAMERA_ID, NAME
1 0.9975333870717269 0.06665319478368248 0.001467472905138088 0.021962236352648972 2.58117 5.6006 12.1372 0 dslr_images_undistorted/DSC_6535.JPG
placeholder
2 0.9565236458420507 0.1004402382132462 0.2697547043634049 -0.04697523780152047 5.45056 4.3556 9.43169 0 dslr_images_undistorted/DSC_6536.JPG
placeholder
3 0.8969416190345585 0.046898627905673486 0.4364721591961524 -0.0528044031391197 5.71674 5.25481 7.05757 0 dslr_images_undistorted/DSC_6537.JPG
placeholder
4 0.8331775021058095 0.06656923462681186 0.544217973500547 -0.07218437715241367 5.22915 4.72015 6.09654 0 dslr_images_undistorted/DSC_6538.JPG
placeholder
5 0.7831089012360842 0.10908996279615586 0.6098443705772033 -0.05412644914679753 13.3254 4.32075 -0.407393 0 dslr_images_undistorted/DSC_6539.JPG
placeholder
6 0.6696413367269143 0.11370555545033278 0.7305978664527552 -0.06984471591326705 7.51303 3.6828 -5.21274 0 dslr_images_undistorted/DSC_6540.JPG
placeholder
7 0.6053270479732092 0.07128868960941194 0.7872438821986507 -0.09351020086926222 1.97982 3.06136 -8.70282 0 dslr_images_undistorted/DSC_6541.JPG
placeholder
8 0.7896582840563805 0.08824728818014427 0.6054121709365647 -0.04613365183745267 0.866488 4.05956 9.8144 0 dslr_images_undistorted/DSC_6547.JPG
placeholder
9 0.6448152220538972 0.09147315243955328 0.7537331025339336 -0.08793407721085315 2.41658 3.94475 8.84592 0 dslr_images_undistorted/DSC_6548.JPG
placeholder
10 0.9936083940439839 0.08058177787703598 0.07574411426614036 0.022622234937100465 -7.20946 4.11081 5.75475 0 dslr_images_undistorted/DSC_6553.JPG
placeholder
11 0.8151918213627295 0.06810879035522857 0.5721232136019581 -0.05914825033279834 -3.99693 4.36427 9.01956 0 dslr_images_undistorted/DSC_6556.JPG
placeholder
12 0.8522957202400495 0.0967957041490436 0.510404498310167 -0.060908497137369 -2.9901 4.21999 7.88826 0 dslr_images_undistorted/DSC_6557.JPG
placeholder
13 0.9327305005425095 0.05128247250775181 0.35395680927897644 -0.04580937170773991 3.63952 5.21399 7.3195 0 dslr_images_undistorted/DSC_6558.JPG
placeholder
14 0.9960430831684471 0.07703357132583875 0.011381391313239604 0.04283070502403555 3.86674 5.41627 11.4325 0 dslr_images_undistorted/DSC_6559.JPG
placeholder
15 0.7286586431455297 0.13865433044965375 0.6588748073653206 -0.1253616633432471 12.8545 2.14211 -4.96778 0 dslr_images_undistorted/DSC_6560.JPG
placeholder
