# IMAGE_ID, QW, QX, QY, QZ, TX, TY, TZ, CAMERA_ID, NAME
1 0.9950788549799843 -0.09688559089388926 0.0020124252284151353 -0.020668933053392447 4.68998 3.77296 -2.43212 0 dslr_images/DSC_1095.JPG
placeholder
2 0.992636257488753 -0.0971089442184838 0.07233066845095038 -0.0033745626283090387 3.74202 3.80807 -2.58894 0 dslr_images/DSC_1096.JPG
placeholder
3 0.9597005468521619 -0.09392726000514538 0.260727914261052 0.04662064912320535 2.04806 3.9585 -3.28724 0 dslr_images/DSC_1097.JPG
placeholder
4 0.9305415934526937 -0.0867226878523916 0.34857697497836065 0.07117310433804189 1.34537 3.94905 -2.92657 0 dslr_images/DSC_1098.JPG
placeholder
5 0.9319292728347625 -0.08738554424622325 0.3446261166399592 0.07144534148650515 1.33519 3.85321 -2.29908 0 dslr_images/DSC_1099.JPG
placeholder
6 0.9749198693315162 -0.09501057042061409 0.19828219554198434 0.0344733349419442 1.91178 3.62388 -0.947624 0 dslr_images/DSC_1100.JPG
placeholder
7 0.18137816359539163 -0.023886183249169066 -0.9506908588835093 -0.2504362251270491 -3.31288 2.67043 5.95286 0 dslr_images/DSC_1112.JPG
placeholder
8 0.025597172738629433 -0.009174112126983026 -0.9672003484022457 -0.25255515529294814 -4.91713 2.84836 5.06969 0 dslr_images/DSC_1113.JPG
placeholder
9 -0.08114550912003626 0.004715463441511952 -0.9640974301321854 -0.2528029192210763 -5.21921 2.95887 4.04731 0 dslr_images/DSC_1114.JPG
placeholder
10 0.34861600811976695 -0.039150616961824494 -0.9044598237735432 -0.24266548014433026 -1.17083 2.8662 4.24364 0 dslr_images/DSC_1116.JPG
placeholder
