# IMAGE_ID, QW, QX, QY, QZ, TX, TY, TZ, CAMERA_ID, NAME
1 0.9997495728132055 -0.02002509320875843 0.00020004783501937758 -0.009987356139513789 -0.882749 11.9361 0.888812 0 dslr_images/DSC_1174.JPG
placeholder
2 0.999670276957995 -0.021470765103493664 -0.012461522302521292 -0.00656156037083737 -0.920018 11.9907 -0.849617 0 dslr_images/DSC_1175.JPG
placeholder
3 0.9986835528305146 -0.042781331682614 0.01304988939798203 -0.02511213555202466 -0.563064 11.9831 -2.48292 0 dslr_images/DSC_1177.JPG
placeholder
4 0.998659003978505 -0.044788609994675155 0.005626830720926326 -0.02534783942357024 -0.502862 11.9739 -3.69809 0 dslr_images/DSC_1178.JPG
placeholder
5 0.9982652702253616 -0.05303206583702502 0.006812843618360165 -0.024650262002162762 -0.529948 11.9042 -4.86138 0 dslr_images/DSC_1179.JPG
placeholder
6 0.9983410308011943 -0.05025073148520739 0.005601492172655968 -0.02754402819941784 -0.424634 11.9287 -5.96742 0 dslr_images/DSC_1180.JPG
placeholder
7 0.998453954649942 -0.04902690836160274 -0.0034784241901387914 -0.025960802482743506 -0.354262 11.9349 -6.90617 0 dslr_images/DSC_1181.JPG
placeholder
8 0.9986382459651088 -0.04459307659187778 0.005952287208012472 -0.02641366110169754 -0.451182 11.9993 -7.56924 0 dslr_images/DSC_1182.JPG
placeholder
9 0.9985047239890947 -0.04509879852815879 -0.0027672006492248896 -0.0307694189634053 -0.216964 11.9841 -8.49247 0 dslr_images/DSC_1183.JPG
placeholder
10 0.9982425612316197 -0.04776247877875755 0.008925412126863404 -0.03392449830153102 -0.330658 11.941 -9.38544 0 dslr_images/DSC_1184.JPG
placeholder
11 0.9980832869341089 -0.05080103758830053 0.005066016647577541 -0.0349763119565813 -0.260787 11.8733 -10.3346 0 dslr_images/DSC_1185.JPG
placeholder
12 0.9981424609622539 -0.04958151955871815 0.00397770989138337 -0.03517781071192769 -0.222223 11.8909 -11.1019 0 dslr_images/DSC_1186.JPG
placeholder
13 0.9978884274903171 -0.0506449601201953 0.0153798044559617 -0.03764619383446936 -0.423174 11.8694 -11.9676 0 dslr_images/DSC_1187.JPG
placeholder
14 0.9977772246561345 -0.050329401693270964 0.011039431053310532 -0.04225745194304264 -0.210879 11.8684 -12.8994 0 dslr_images/DSC_1188.JPG
placeholder
15 0.9978271054064709 -0.04651920974444155 0.003279129824088711 -0.04654329327081701 0.107061 11.9555 -13.7961 0 dslr_images/DSC_1190.JPG
placeholder
16 0.9979562367085446 -0.03534079482126073 0.022298301655625703 -0.048344219708208125 -0.350978 12.2948 -14.5098 0 dslr_images/DSC_1191.JPG
placeholder
17 0.9985403932001745 -0.044467907877156244 0.01335472443252239 -0.027592383949217557 -0.581865 11.9856 -15.4851 0 dslr_images/DSC_1192.JPG
placeholder
18 0.9984316181830912 -0.04795227938672554 0.013573551596310695 -0.025507673570396752 -0.678903 11.8619 -16.3142 0 dslr_images/DSC_1193.JPG
placeholder
19 0.9984516430674558 -0.04775495998001844 -0.0002244164921992461 -0.028525951175075177 -0.206713 11.8421 -17.1251 0 dslr_images/DSC_1194.JPG
placeholder
20 0.9984097802568277 -0.048971892152438606 0.0036340558671236916 -0.027684979763001577 -0.337046 11.785 -18.0364 0 dslr_images/DSC_1195.JPG
placeholder
21 0.9984131213836349 -0.049200499925761844 -0.00017050083827254572 -0.027395634424237907 -0.182232 11.7536 -18.954 0 dslr_images/DSC_1196.JPG
placeholder
22 0.9982513241628607 -0.053204560876275335 -0.007220522169692991 -0.02472716256781498 0.024231 11.5728 -19.8255 0 dslr_images/DSC_1197.JPG
placeholder
23 0.9983745907785434 -0.05169838556180891 -0.011436409436494599 -0.021087009206606135 0.142878 11.6077 -20.7936 0 dslr_images/DSC_1198.JPG
placeholder
24 0.9983328069592282 -0.05310490670488516 0.0014520031781561447 -0.022569163022689513 -0.336946 11.5347 -21.8761 0 dslr_images/DSC_1199.JPG
placeholder
25 0.9982952028219565 -0.053860024825086714 -0.002306185305825902 -0.02237112553817905 -0.149234 11.4783 -22.6885 0 dslr_images/DSC_1200.JPG
placeholder
26 0.9732450563731846 -0.03968811659248071 -0.22443147475511843 -0.02914492727287255 10.1428 11.857 -21.7561 0 dslr_images/DSC_1204.JPG
placeholder
27 -0.9398665329171558 0.032422702877214056 0.3385083894845091 0.03180784319982937 14.5658 12.0469 -18.2047 0 dslr_images/DSC_1205.JPG
placeholder
28 0.9713488967125821 -0.04109281624006636 -0.23221418048430503 -0.029483481658586923 9.9587 11.7956 -20.4915 0 dslr_images/DSC_1206.JPG
placeholder
29 0.9849907084473619 -0.04646594504246454 -0.16413613535837257 -0.02633532405900775 6.8111 11.6532 -21.092 0 dslr_images/DSC_1207.JPG
placeholder
30 -0.9499966917844136 0.037896501971662895 0.3080072491050384 0.03466518766325617 12.9185 11.8125 -17.3719 0 dslr_images/DSC_1208.JPG
placeholder
31 -0.9135135925689987 0.02865366933353734 0.40338843902957777 0.04415484891477368 16.0396 11.9258 -13.6082 0 dslr_images/DSC_1209.JPG
placeholder
32 0.8404257683331707 -0.018816175809365218 -0.5395468797275471 -0.04711309824007117 20.3616 12.0415 -8.27624 0 dslr_images/DSC_1210.JPG
placeholder
33 0.7989293957249796 -0.01956967372700294 -0.5999620917088213 -0.03707205186004345 21.9347 12.2182 -5.69962 0 dslr_images/DSC_1211.JPG
placeholder
34 0.7634442701699129 -0.01945812554902811 -0.6445042955511691 -0.03726178620166919 23.0925 12.1742 -3.3774 0 dslr_images/DSC_1212.JPG
placeholder
35 0.7024696267216596 -0.015159064741877108 -0.7105053933431985 -0.03858383495598511 23.7103 12.2161 0.839933 0 dslr_images/DSC_1213.JPG
placeholder
36 0.6044198467421842 -0.0026789674873357386 -0.7954152033583519 -0.04454353223250235 22.9567 12.2573 7.29844 0 dslr_images/DSC_1214.JPG
placeholder
37 0.5943741617015111 -0.0006255089418334049 -0.8031910040705341 -0.04003967557756488 23.0337 12.4834 7.95478 0 dslr_images/DSC_1215.JPG
placeholder
38 0.43944714710778493 0.010004699244769563 -0.8973050814847104 -0.04036956320754608 19.0123 12.5192 15.8294 0 dslr_images/DSC_1216.JPG
placeholder
39 0.4286580872127821 0.008158465094921175 -0.9025934855952763 -0.038867511823421914 19.0961 12.5473 16.4363 0 dslr_images/DSC_1217.JPG
placeholder
40 0.3460417851450215 0.00986117931692553 -0.9374782308688195 -0.03595005873701005 16.317 12.6175 19.5552 0 dslr_images/DSC_1218.JPG
placeholder
41 0.2675880755280861 0.016809961132361512 -0.9628055786646782 -0.03345840304135591 13.2537 12.7542 22.0844 0 dslr_images/DSC_1219.JPG
placeholder
42 0.1387515054104746 0.02339506564899617 -0.9895318010316722 -0.03205472502801225 7.44691 12.719 24.8795 0 dslr_images/DSC_1220.JPG
placeholder
43 0.04638697555103591 0.02827087946186122 -0.998121212681754 -0.028338148640752105 2.53481 12.7856 25.2556 0 dslr_images/DSC_1221.JPG
placeholder
44 0.00033873108253020966 0.02951327917082049 -0.9989861674176572 -0.03399248331645496 0.118968 12.4157 24.8017 0 dslr_images/DSC_1222.JPG
placeholder
45 -0.008437312226614452 0.029195035989474014 -0.9989812310788704 -0.03336107894101722 -0.33005 12.4236 24.1914 0 dslr_images/DSC_1223.JPG
placeholder
46 0.001596983610366773 0.026709731982719063 -0.9991894505633018 -0.030074602969394848 0.207834 12.5792 23.3008 0 dslr_images/DSC_1224.JPG
placeholder
47 -0.0028473186679614363 0.028740245776045614 -0.9990889352427799 -0.031419588230653654 -0.0388641 12.4963 22.6035 0 dslr_images/DSC_1225.JPG
placeholder
48 0.0009106802959571937 0.027987124510828673 -0.9990782949486157 -0.03253386060062472 0.125689 12.435 21.9371 0 dslr_images/DSC_1226.JPG
placeholder
49 0.005789315185488335 0.025180834238229182 -0.9991578181589184 -0.03187575612687526 0.380294 12.4533 21.1499 0 dslr_images/DSC_1227.JPG
placeholder
50 0.0021668685443068914 0.02369306657455316 -0.9992300498824981 -0.03119696601956505 0.27026 12.4618 20.293 0 dslr_images/DSC_1228.JPG
placeholder
51 -0.016446018329860347 0.026833305425691418 -0.9990230855444163 -0.03102219770325155 -0.520325 12.4354 19.4617 0 dslr_images/DSC_1229.JPG
placeholder
52 0.003948559240330959 0.030359826245625214 -0.9991688596292122 -0.026912446516825537 0.159634 12.5947 18.4585 0 dslr_images/DSC_1230.JPG
placeholder
53 -0.007394921417517988 0.03290645303305428 -0.9990455722603405 -0.027756531357880115 -0.305555 12.532 17.6113 0 dslr_images/DSC_1231.JPG
placeholder
54 -0.0030373614596527375 0.034272973216237845 -0.9990685468426295 -0.026041821212027336 -0.176019 12.5763 16.6999 0 dslr_images/DSC_1232.JPG
placeholder
55 0.0028603564304198583 0.03448374140076154 -0.9990547062347982 -0.02631318852205762 0.0127983 12.554 15.8248 0 dslr_images/DSC_1233.JPG
placeholder
56 0.008596002997349642 0.03485024191388129 -0.9990877550739066 -0.02313497422507952 0.162247 12.6331 14.788 0 dslr_images/DSC_1234.JPG
placeholder
57 0.001661536602152194 0.03342436068595964 -0.9990039555158475 -0.029515221031619 0.00366545 12.421 13.9719 0 dslr_images/DSC_1235.JPG
placeholder
58 0.011464797735996216 0.03594954454356409 -0.9984844448192308 -0.04006247763201149 0.222575 12.1239 13.0706 0 dslr_images/DSC_1236.JPG
placeholder
59 0.007790976078725461 0.030824583443252736 -0.9986931899385684 -0.040013224284195424 0.301387 12.1043 12.0017 0 dslr_images/DSC_1237.JPG
placeholder
60 -0.003644023854893146 0.025705866000598845 -0.9989202442591776 -0.038526291704360914 0.20288 12.1163 11.0293 0 dslr_images/DSC_1238.JPG
placeholder
61 0.010690648312912358 0.023174371154751554 -0.9989643583776753 -0.03766788089753735 0.540609 12.1256 10.0254 0 dslr_images/DSC_1239.JPG
placeholder
62 0.005804005882191573 0.020813904576582342 -0.9991700490654509 -0.03452981237337947 0.525855 12.1589 8.80629 0 dslr_images/DSC_1240.JPG
placeholder
63 -0.005613188622786168 0.016938953477963172 -0.9993182756220855 -0.03231946745009852 0.4239 12.1683 7.66151 0 dslr_images/DSC_1241.JPG
placeholder
64 -0.007313567204416264 0.014143861505627787 -0.998999093048691 -0.04180041871021402 0.470075 12.0103 6.63898 0 dslr_images/DSC_1242.JPG
placeholder
65 -0.004410848012153505 0.01366203816015416 -0.9991758403473567 -0.03796752822186167 0.539478 12.0403 5.43801 0 dslr_images/DSC_1243.JPG
placeholder
66 0.011412748604767948 0.011555525093342922 -0.9988538623299981 -0.04502422367511394 0.778756 11.9528 4.61526 0 dslr_images/DSC_1244.JPG
placeholder
67 0.005243811275471051 0.013291066954251727 -0.9991126683776937 -0.03961976614935338 0.682659 11.9825 3.40179 0 dslr_images/DSC_1245.JPG
placeholder
68 0.006288450130574419 0.013556382232718305 -0.9991769551126144 -0.03771063865277888 0.680994 11.9796 2.30903 0 dslr_images/DSC_1246.JPG
placeholder
69 -0.00042286230877401567 0.014213492826073874 -0.9993676488145065 -0.032589880517064386 0.658978 11.9812 1.17197 0 dslr_images/DSC_1247.JPG
placeholder
70 0.0039660987917214926 0.020061722657855233 -0.9994003170176012 -0.027942864733095367 0.533311 11.9697 0.0184975 0 dslr_images/DSC_1248.JPG
placeholder
71 0.02823360178235952 0.016482165391605144 -0.9990896911872554 -0.02740421350365251 0.584296 11.9438 -1.24646 0 dslr_images/DSC_1249.JPG
placeholder
72 0.029107860027292237 0.01639596546912142 -0.9992078641397947 -0.021622882373923746 0.567089 11.9004 -2.3543 0 dslr_images/DSC_1250.JPG
placeholder
73 0.014210000999042512 0.018033935132039658 -0.9993549815110226 -0.027612931469952248 0.612977 11.921 -3.46245 0 dslr_images/DSC_1252.JPG
placeholder
74 -0.34667572246368333 0.032314156493721706 -0.9373134568429365 -0.014670458940573615 2.16531 11.9447 -0.746904 0 dslr_images/DSC_1255.JPG
placeholder
75 -0.42758107377262566 0.03756647786053895 -0.9030038967746257 -0.018631894762561114 1.83558 11.9801 0.139403 0 dslr_images/DSC_1256.JPG
placeholder
76 -0.5467352471619927 0.03605240033665433 -0.8363387509751473 -0.01784061540448609 1.34612 11.9719 0.866844 0 dslr_images/DSC_1257.JPG
placeholder
77 -0.5844827402244726 0.039964192256873664 -0.8102451658141117 -0.01689854999135392 0.862021 11.9857 1.09044 0 dslr_images/DSC_1258.JPG
placeholder
78 -0.6971719547036493 0.04289011828848931 -0.7152376248296353 -0.02338468207939004 -0.110786 11.9613 1.49639 0 dslr_images/DSC_1259.JPG
placeholder
79 -0.7740978514541699 0.046486876087713125 -0.6309913295733737 -0.02148089218049204 -0.916278 11.9498 1.39306 0 dslr_images/DSC_1260.JPG
placeholder
80 -0.8598139281307525 0.05162863460245859 -0.5076852497988756 -0.017611933968311927 -1.96581 11.9304 0.720595 0 dslr_images/DSC_1261.JPG
placeholder
81 0.8929017754809254 -0.04997095430978304 0.44720345876196077 0.015439868513687236 -2.50308 11.9161 0.138885 0 dslr_images/DSC_1262.JPG
placeholder
82 0.938193312911648 -0.05351769567716752 0.34179405207071506 0.010295136053204207 -2.92175 11.8952 -0.903513 0 dslr_images/DSC_1263.JPG
placeholder
83 0.9770520572464118 -0.05056852274688897 0.2069004580283599 0.0020742240493784384 -2.72779 11.9078 -2.23791 0 dslr_images/DSC_1264.JPG
placeholder
84 0.994518654460457 -0.05705139382086583 0.08761946983883273 0.0007828782924449676 -2.26805 11.8304 -3.75396 0 dslr_images/DSC_1265.JPG
placeholder
85 0.9922600616160143 -0.04246132608330227 -0.11634874099285678 -0.008942951325370544 -0.885933 11.9513 0.35163 0 dslr_images/DSC_1266.JPG
placeholder
86 0.9530414924487038 -0.04037332049345767 -0.29957222380449977 -0.01839541758989188 -0.385025 11.9478 -0.635727 0 dslr_images/DSC_1267.JPG
placeholder
87 0.910656389105423 -0.04270161450586476 -0.4105054798944665 -0.019151085522203733 0.273988 11.9268 -1.3365 0 dslr_images/DSC_1268.JPG
placeholder
88 0.8619041720806144 -0.04219929096995377 -0.5049979272259889 -0.017818852070735906 1.20643 11.9248 -1.37103 0 dslr_images/DSC_1269.JPG
placeholder
89 0.8324380846085486 -0.04387711409051906 -0.5521968381076682 -0.014152248451471972 2.09656 11.9254 -1.46993 0 dslr_images/DSC_1270.JPG
placeholder
90 0.7959605390053613 -0.04575229595854956 -0.6031222461308456 -0.024435711221479084 3.52926 11.8873 -1.34925 0 dslr_images/DSC_1271.JPG
placeholder
91 0.6959593284739739 -0.03985297637160022 -0.7163127916057745 -0.030795096465549163 4.95655 11.9006 -0.140491 0 dslr_images/DSC_1272.JPG
placeholder
92 0.7485545097016604 -0.037388956420165584 -0.6612432746494868 -0.03202411082202167 6.24444 11.9148 -0.909744 0 dslr_images/DSC_1273.JPG
placeholder
93 0.7534188514218447 -0.03376389170467731 -0.6560938510592732 -0.027584280693089824 7.4783 11.9935 -1.167 0 dslr_images/DSC_1274.JPG
placeholder
94 0.7202922056575142 -0.03143890664896267 -0.6921152055491944 -0.03416541914491288 9.1263 11.9492 -0.314312 0 dslr_images/DSC_1275.JPG
placeholder
95 0.7295238005491832 -0.02857855675063889 -0.6822725346180808 -0.03850297432856096 10.409 11.9362 -0.486247 0 dslr_images/DSC_1276.JPG
placeholder
96 0.7305153804595893 -0.025050652966385107 -0.6808679384243732 -0.046244936195041594 11.7146 11.8722 -0.437982 0 dslr_images/DSC_1277.JPG
placeholder
97 0.7295517189567534 -0.025441619567931548 -0.681972254006132 -0.044953955630208986 12.9633 11.8849 -0.48998 0 dslr_images/DSC_1278.JPG
placeholder
98 0.2882781988553715 0.01415538110477415 -0.9569001560814433 -0.03220864079390524 9.04038 12.5714 14.5369 0 dslr_images/DSC_1283.JPG
placeholder
99 0.1955778747815486 0.019767792976166827 -0.979970835810368 -0.031869895166334386 6.42448 12.5634 16.7765 0 dslr_images/DSC_1284.JPG
placeholder
100 -0.00850490303951456 0.02452371327643456 -0.9866277603971664 0.1609096532999043 -0.409704 19.4091 14.6593 0 dslr_images/DSC_1285.JPG
placeholder
101 -0.004238631270800619 0.0408630368824372 -0.9852968836347074 0.16583816605784324 -0.746726 18.888 12.9621 0 dslr_images/DSC_1286.JPG
placeholder
102 -0.032940784184022694 0.027840159864333858 -0.9851695171381615 0.16607484077316434 -0.738232 16.7904 8.11347 0 dslr_images/DSC_1289.JPG
placeholder
103 -0.0018821162910159983 0.029193201161178482 -0.9869749752900417 0.1581916963543021 -0.0390739 15.9044 6.60136 0 dslr_images/DSC_1290.JPG
placeholder
104 -0.010242512048634078 0.02476718409694381 -0.9866317582316747 0.16074654331436164 0.0360456 15.234 4.93192 0 dslr_images/DSC_1291.JPG
placeholder
105 -0.018422069091802953 0.023381107887878356 -0.9858888534739578 0.16473348099314022 0.0594745 14.5072 3.10628 0 dslr_images/DSC_1292.JPG
placeholder
106 -0.025706141639893033 0.018178070041763788 -0.9870843677675223 0.1570770605802686 0.234529 13.8982 2.02073 0 dslr_images/DSC_1293.JPG
placeholder
107 0.0012097781166979296 0.025834655378982878 -0.9874751499361853 0.15564040374165627 0.336724 12.5316 -1.12298 0 dslr_images/DSC_1295.JPG
placeholder
108 0.012053150035591874 0.024355976940100353 -0.986825242683297 0.15949121720196632 0.410645 11.8475 -2.77291 0 dslr_images/DSC_1296.JPG
placeholder
109 0.03949706992217087 0.030526533675058493 -0.9851800602964194 0.16409863193729635 0.162928 11.1328 -4.47411 0 dslr_images/DSC_1297.JPG
placeholder
110 0.022148648078154774 0.037010299179150635 -0.9854474701927027 0.16441702659330115 0.0906835 10.7427 -5.38167 0 dslr_images/DSC_1298.JPG
placeholder
