# IMAGE_ID, QW, QX, QY, QZ, TX, TY, TZ, CAMERA_ID, NAME
1 0.9990451452290653 0.04320390855619061 -0.00028073187788771965 -0.006491630713225781 1.25173 -3.4914 0.881917 0 dslr_images_undistorted/DSC_0259.JPG
placeholder
2 0.9822143200844075 0.044418083995791634 -0.18213297054905328 0.010471116189103477 1.53398 -3.45631 1.41239 0 dslr_images_undistorted/DSC_0260.JPG
placeholder
3 0.9053142451135919 0.047591660881914674 -0.41992835390093197 0.042442066384212176 1.47747 -3.37896 2.25115 0 dslr_images_undistorted/DSC_0261.JPG
placeholder
4 0.8017134599091409 0.05088604707427867 -0.5917421366262833 0.06713704010924036 1.28201 -3.31208 3.09005 0 dslr_images_undistorted/DSC_0262.JPG
placeholder
5 0.6388011434656431 0.043208620382443295 -0.7612235634014315 0.1029796132934075 0.546149 -3.17379 3.89913 0 dslr_images_undistorted/DSC_0263.JPG
placeholder
6 -0.42095146251803833 -0.03820713401757571 0.8980616276105023 -0.12175957509642833 -0.765266 -3.17373 4.36417 0 dslr_images_undistorted/DSC_0264.JPG
placeholder
7 -0.30165525739846044 -0.02925038253540704 0.944037239055291 -0.13016225290868472 -0.946405 -3.07293 5.26663 0 dslr_images_undistorted/DSC_0266.JPG
placeholder
8 -0.10613099735531768 -0.020432228506255985 0.9846620872292444 -0.13696462832418338 -2.58202 -3.11065 5.0295 0 dslr_images_undistorted/DSC_0267.JPG
placeholder
9 -0.012939259337878596 -0.015837106359033366 0.9904588926192638 -0.1362825875208622 -2.89589 -3.1289 5.05133 0 dslr_images_undistorted/DSC_0268.JPG
placeholder
10 0.14228791210167577 -0.0036981805213388633 0.981022198574553 -0.13166593877889496 -3.60692 -3.18869 4.5063 0 dslr_images_undistorted/DSC_0269.JPG
placeholder
11 0.17491909118296903 -0.007352979843574119 0.9760692855138794 -0.12898835258878702 -2.94601 -3.22264 4.55661 0 dslr_images_undistorted/DSC_0270.JPG
placeholder
12 0.28500183648182864 0.000523083969472333 0.9500283600441306 -0.1273569577879659 -3.18939 -3.2321 4.17496 0 dslr_images_undistorted/DSC_0271.JPG
placeholder
13 0.47243219730346603 0.006496083997307276 0.8737454043642757 -0.11547548742493913 -3.69881 -3.39212 2.77297 0 dslr_images_undistorted/DSC_0272.JPG
placeholder
14 0.7086463671162185 0.015155891395104478 0.6992530431680544 -0.09292904254979045 -3.81031 -3.61057 0.599401 0 dslr_images_undistorted/DSC_0273.JPG
placeholder
15 0.8544001043017827 0.025307161790297433 0.5139711772920394 -0.0720669011700763 -2.83511 -3.71416 -0.883084 0 dslr_images_undistorted/DSC_0274.JPG
placeholder
16 0.8488315045281447 0.025936835592347544 0.5231699041791342 -0.07145354323710848 -2.05703 -3.66701 -0.504195 0 dslr_images_undistorted/DSC_0275.JPG
placeholder
17 0.9009327220204129 0.027657053854988692 0.42838953291959264 -0.06354310229981863 -1.09194 -3.65311 -0.511127 0 dslr_images_undistorted/DSC_0276.JPG
placeholder
18 0.9234402560256322 0.03674439588776606 0.3780752970663027 -0.05447029163117298 -0.286121 -3.62456 -0.45198 0 dslr_images_undistorted/DSC_0277.JPG
placeholder
19 0.9807909510265453 0.0369178255965528 0.18994645364124602 -0.02462781530671103 0.578597 -3.57995 -0.0780246 0 dslr_images_undistorted/DSC_0278.JPG
placeholder
20 0.9978902863504822 0.040016354626825026 0.0490785814965976 -0.014316445369395163 1.25675 -3.52559 0.520989 0 dslr_images_undistorted/DSC_0279.JPG
placeholder
21 0.9666301129446201 0.029216519713360173 0.24696004287171933 -0.06150899892949397 0.676595 -4.29814 -5.63001 0 dslr_images_undistorted/DSC_0283.JPG
placeholder
22 0.9915367986939053 0.025408313794073222 0.12090459671847771 -0.03989076231818839 0.233535 -4.24697 -5.12344 0 dslr_images_undistorted/DSC_0284.JPG
placeholder
23 0.9924985865091664 0.020201013747019957 0.11475509234352545 -0.037010047313242526 -1.81829 -4.21654 -4.94117 0 dslr_images_undistorted/DSC_0285.JPG
placeholder
