# IMAGE_ID, QW, QX, QY, QZ, TX, TY, TZ, CAMERA_ID, NAME
1 1.0 0.0 0.0 0.0 -1.51701 -0.156173 0.557613 0 dslr_images_undistorted/DSC_0219.JPG
placeholder
2 0.9699006686601498 -0.004752258687934985 -0.24345134553400752 0.0012455230382024257 -1.45168 -0.160064 0.0807551 0 dslr_images_undistorted/DSC_0220.JPG
placeholder
3 0.8672526280627084 -0.010252605793126902 -0.4977542812194017 0.0029049475955976733 -1.09811 -0.169733 -0.43099 0 dslr_images_undistorted/DSC_0221.JPG
placeholder
4 0.736434784455378 -0.01424187483743583 -0.6763531413898175 0.0027212823082926607 -0.52243 -0.180217 -0.888596 0 dslr_images_undistorted/DSC_0222.JPG
placeholder
5 0.6140581509920287 -0.017083058640031387 -0.7890690374428273 0.003287925911956646 0.0465329 -0.19239 -1.01974 0 dslr_images_undistorted/DSC_0223.JPG
placeholder
6 0.8836366797636778 0.007150320792008752 0.4681142017895126 -0.0020457692349757084 -0.111606 -0.174567 1.50852 0 dslr_images_undistorted/DSC_0228.JPG
placeholder
7 0.9987199547294041 -0.0017180289406292376 0.05055101597054923 0.0003085226110889211 -1.0985 -0.161028 0.948932 0 dslr_images_undistorted/DSC_0229.JPG
placeholder
8 0.9741714387598396 -0.16907591768465316 -0.1490563720119172 0.013621304134392553 -1.23997 -0.021318 0.321216 0 dslr_images_undistorted/DSC_0230.JPG
placeholder
9 0.7618030040380711 -0.15226893823876536 -0.6222260323984354 0.09646304003042411 -0.554987 -0.443617 -0.785523 0 dslr_images_undistorted/DSC_0231.JPG
placeholder
10 0.9129521858121495 -0.14213854163432887 0.3748262701666335 -0.07629029162255552 -0.406453 0.314669 1.38125 0 dslr_images_undistorted/DSC_0235.JPG
placeholder
11 0.8726969065921126 -0.4685493431167042 -0.13041992396939545 0.04303795675075518 -1.32558 0.201167 0.283611 0 dslr_images_undistorted/DSC_0236.JPG
placeholder
12 0.6955277137239063 -0.4071399354054332 -0.5299135983480694 0.2639504702133655 -0.668443 -0.615651 -0.202788 0 dslr_images_undistorted/DSC_0237.JPG
placeholder
13 0.3315712962358032 -0.2303031514409752 -0.8063177758787802 0.43228761056819764 0.628345 -0.682171 -0.12518 0 dslr_images_undistorted/DSC_0238.JPG
placeholder
14 0.03767441116482752 0.03151467403889138 0.8701506636699153 -0.4903318127333898 1.34755 -0.199979 0.243551 0 dslr_images_undistorted/DSC_0239.JPG
placeholder
15 0.5842324193541812 -0.28859515967873023 0.6496614079792155 -0.39156783444000065 0.714149 1.08261 0.963877 0 dslr_images_undistorted/DSC_0240.JPG
placeholder
16 0.8366138330875881 -0.4571531103540548 0.24850858404256607 -0.17126532526248736 -0.609744 1.14454 0.883909 0 dslr_images_undistorted/DSC_0241.JPG
placeholder
17 0.9496966689478685 0.2664070273612534 -0.1644414713412643 -0.007907924189276813 -1.17146 -0.317581 -0.0394521 0 dslr_images_undistorted/DSC_0242.JPG
placeholder
18 0.8201457900531814 0.2341794168420519 -0.5102979365355419 -0.11007679025629014 -0.768688 0.0874644 -0.669988 0 dslr_images_undistorted/DSC_0243.JPG
placeholder
19 0.9494012459615557 0.27636612854999504 0.1301912697686365 0.07286474067039247 -1.01154 -0.833116 0.77836 0 dslr_images_undistorted/DSC_0248.JPG
placeholder
20 0.989096935657034 0.12365837147427662 -0.07989303110722132 0.003600363689338165 -0.620314 -0.14539 -0.272122 0 dslr_images_undistorted/DSC_0249.JPG
placeholder
21 0.9831240662985659 0.1223330703693444 -0.13600528706590523 -0.0020620496363747826 -1.19929 -0.153428 -0.271848 0 dslr_images_undistorted/DSC_0250.JPG
placeholder
22 0.9902888363223554 0.12299209200943106 -0.06461938937767651 0.005029957744878404 -1.51392 -0.200897 -0.0751435 0 dslr_images_undistorted/DSC_0251.JPG
placeholder
23 0.9846846245167287 0.12117075075031289 -0.1252958067311149 -0.003847105217420682 -1.81773 -0.148054 -0.274595 0 dslr_images_undistorted/DSC_0252.JPG
placeholder
24 0.8616736074203926 0.10504307852165219 -0.49389262737272327 -0.05054323452935813 0.326944 -0.0289722 -0.693395 0 dslr_images_undistorted/DSC_0253.JPG
placeholder
25 0.7887022620233158 0.09490157209202278 -0.603882187900931 -0.06533556940711872 0.739142 -0.0229791 -0.708974 0 dslr_images_undistorted/DSC_0254.JPG
placeholder
26 0.9846921878150787 0.12381004273919435 0.11967076179413817 0.02704214016093079 -1.79762 -0.244687 0.102883 0 dslr_images_undistorted/DSC_0255.JPG
placeholder
