# IMAGE_ID, QW, QX, QY, QZ, TX, TY, TZ, CAMERA_ID, NAME
1 1.0 0.0 0.0 0.0 -0.638783 -0.524596 -0.393567 0 dslr_images_undistorted/DSC_1117.JPG
placeholder
2 0.9999598282592136 -0.0011645040761499303 -0.00862991324832807 -0.0021237691463539543 -0.12259 -0.540158 -0.373044 0 dslr_images_undistorted/DSC_1118.JPG
placeholder
3 0.9999751136167792 -0.003195357945688453 -0.0061731379128384094 -0.0012059034031672575 -1.29908 -0.506228 -0.455705 0 dslr_images_undistorted/DSC_1119.JPG
placeholder
4 0.9897169792441121 0.003555781117505069 0.14292406619726994 0.004513171633426627 -1.37043 -0.538167 0.441036 0 dslr_images_undistorted/DSC_1120.JPG
placeholder
5 -0.9797406653299137 -0.005778870130898034 -0.20008708572913272 -0.006323881982700452 -1.2106 -0.568911 1.10753 0 dslr_images_undistorted/DSC_1121.JPG
placeholder
6 -0.9173614883966003 -0.00695297391950403 -0.3977343575606312 -0.01438529027447702 -0.159458 -0.615985 1.84408 0 dslr_images_undistorted/DSC_1122.JPG
placeholder
7 -0.8867944331681726 -0.00962471579978974 -0.4617534747540534 -0.016933006238431914 0.428454 -0.618496 1.40085 0 dslr_images_undistorted/DSC_1123.JPG
placeholder
8 -0.8106374828431311 -0.012503607004551831 -0.584996130982961 -0.022137252688504083 0.977764 -0.597914 0.512465 0 dslr_images_undistorted/DSC_1124.JPG
placeholder
9 -0.7288683964262109 -0.016609816188357523 -0.6838971509246572 -0.027561960278790654 1.13794 -0.563914 -0.46502 0 dslr_images_undistorted/DSC_1125.JPG
placeholder
10 -0.6832000310571932 -0.018989935003951172 -0.7294253602292944 -0.028561228726370957 0.587376 -0.540641 -0.740575 0 dslr_images_undistorted/DSC_1126.JPG
placeholder
11 -0.6990153742657367 -0.014074636962039852 -0.7144519693325286 -0.027162375658076048 0.22449 -0.533655 -0.76392 0 dslr_images_undistorted/DSC_1127.JPG
placeholder
12 -0.7082606974611299 -0.014197012334673638 -0.7053366736406164 -0.025795466466682737 -0.263879 -0.5208 -0.76303 0 dslr_images_undistorted/DSC_1128.JPG
placeholder
13 -0.7010559644256216 -0.013949112692590544 -0.7124697548677524 -0.02669841562781989 -0.738426 -0.511194 -0.738815 0 dslr_images_undistorted/DSC_1129.JPG
placeholder
14 -0.5798679017015609 -0.016729587014435884 -0.8139733490455621 -0.030343443082597288 -1.0204 -0.526701 -0.104054 0 dslr_images_undistorted/DSC_1130.JPG
placeholder
15 -0.5014294731306336 -0.020419352264379485 -0.8642048815013303 -0.036075702603138915 -0.837732 -0.554824 0.460713 0 dslr_images_undistorted/DSC_1131.JPG
placeholder
16 -0.41429112347222635 -0.020962961240286376 -0.9090978060216957 -0.03827007126591603 -0.402558 -0.587492 1.02046 0 dslr_images_undistorted/DSC_1132.JPG
placeholder
17 -0.3105048229433148 -0.025673197359613514 -0.9493168750504042 -0.04153447496731366 0.182197 -0.624972 1.39076 0 dslr_images_undistorted/DSC_1133.JPG
placeholder
18 -0.22501699158931937 -0.02274190548405078 -0.9732717291496034 -0.03990363979874456 0.828636 -0.639086 1.658 0 dslr_images_undistorted/DSC_1134.JPG
placeholder
19 -0.13747434416230242 -0.02468905022351725 -0.9893436275137577 -0.041114987463512054 0.991591 -0.624451 1.04303 0 dslr_images_undistorted/DSC_1135.JPG
placeholder
20 -0.04197392280569651 -0.026187217161405183 -0.9978614187518869 -0.04272011737009041 0.728441 -0.600175 0.526242 0 dslr_images_undistorted/DSC_1136.JPG
placeholder
21 0.04618757190372339 -0.025163257657638053 -0.9977663315959738 -0.04118089604667397 0.327234 -0.582049 0.397329 0 dslr_images_undistorted/DSC_1137.JPG
placeholder
22 0.12215979172987151 -0.02393206905186701 -0.9913829142595769 -0.04079410091666885 -0.186466 -0.568752 0.454604 0 dslr_images_undistorted/DSC_1138.JPG
placeholder
23 0.24479876456250454 -0.02159347452136376 -0.9684536713463352 -0.041288899023485315 -0.594337 -0.561492 0.440866 0 dslr_images_undistorted/DSC_1139.JPG
placeholder
24 0.3800518951052801 -0.021928931665478574 -0.9238907116855921 -0.03880247213755905 -0.141053 -0.592067 1.01309 0 dslr_images_undistorted/DSC_1140.JPG
placeholder
25 0.4719764130547893 -0.019071807850529397 -0.8806423664512338 -0.03665452327364422 0.633519 -0.607207 0.934568 0 dslr_images_undistorted/DSC_1141.JPG
placeholder
26 0.5863529278605332 -0.01981925918348082 -0.8091192916649019 -0.033517350887055486 0.520216 -0.575623 0.141387 0 dslr_images_undistorted/DSC_1142.JPG
placeholder
27 0.7060244415198672 -0.01590728444334543 -0.7074058130016059 -0.029214072118334926 0.0685253 -0.538469 -0.46385 0 dslr_images_undistorted/DSC_1143.JPG
placeholder
28 0.7646356497674204 -0.015602002558708554 -0.6438069352933401 -0.024526122586132956 -0.390801 -0.521237 -0.693836 0 dslr_images_undistorted/DSC_1144.JPG
placeholder
29 0.8214284438586438 -0.014587218025824107 -0.5697413587951474 -0.020911928856354123 -1.0142 -0.503904 -0.786107 0 dslr_images_undistorted/DSC_1145.JPG
placeholder
30 0.8979637826735459 -0.012024745621907069 -0.43952750929559053 -0.018221390500175516 -1.53505 -0.494533 -0.55354 0 dslr_images_undistorted/DSC_1146.JPG
placeholder
31 0.9340847146710556 -0.007671281320409785 -0.3566397903135295 -0.015328314516529053 -1.66568 -0.481297 -0.776035 0 dslr_images_undistorted/DSC_1147.JPG
placeholder
32 0.9626151565967637 -0.0045739340354235825 -0.2706417369746715 -0.010207331921747803 -1.45148 -0.492513 -0.737203 0 dslr_images_undistorted/DSC_1148.JPG
placeholder
33 0.984311480380416 -0.005877765950128677 -0.17623177382970884 -0.00622280897855812 -1.30996 -0.496519 -0.757248 0 dslr_images_undistorted/DSC_1149.JPG
placeholder
34 0.9929526759018161 -0.0048542245899252665 -0.11834860157099558 -0.003876651808372434 -0.973797 -0.514562 -0.534497 0 dslr_images_undistorted/DSC_1150.JPG
placeholder
35 0.9999539519995101 0.000205075021558393 -0.009476673824532269 -0.0014981582094435455 -0.739042 -0.535288 -0.0653062 0 dslr_images_undistorted/DSC_1151.JPG
placeholder
36 0.7106775336606954 -0.1486242063999124 -0.6803510286671128 0.09985372408452758 0.978282 -0.772125 -0.491659 0 dslr_images_undistorted/DSC_1152.JPG
placeholder
37 0.7064951206254804 -0.14571264030075814 -0.6850031330455069 0.10199597397353172 0.220896 -0.766227 -0.530643 0 dslr_images_undistorted/DSC_1153.JPG
placeholder
38 0.7020684657584437 -0.1442240613155131 -0.6890807858188595 0.10708389300220333 -0.446444 -0.778734 -0.581954 0 dslr_images_undistorted/DSC_1154.JPG
placeholder
39 0.6936538221038722 -0.14392639656135991 -0.6976721315323721 0.10669191317353205 -1.0017 -0.788733 -0.640142 0 dslr_images_undistorted/DSC_1155.JPG
placeholder
40 -0.6906779723906148 0.11747027876920657 -0.7063307113722975 0.10129954705021266 0.963729 -0.456261 0.410546 0 dslr_images_undistorted/DSC_1156.JPG
placeholder
41 -0.6936882924994239 0.11792643069969655 -0.7032334468065862 0.10174787017029807 0.18554 -0.465822 0.352443 0 dslr_images_undistorted/DSC_1157.JPG
placeholder
42 -0.6887875195096428 0.11797189619731091 -0.7083885034060524 0.09919734329858648 -0.465276 -0.471383 0.315262 0 dslr_images_undistorted/DSC_1158.JPG
placeholder
43 -0.6752627242716112 0.11512552819714407 -0.7214390109418566 0.10145008357732703 -0.984671 -0.462691 0.324015 0 dslr_images_undistorted/DSC_1159.JPG
placeholder
44 0.011033475546324167 -0.020905149786454386 -0.9891771073831219 0.14480983170674022 -0.210534 -0.0893412 1.4308 0 dslr_images_undistorted/DSC_1160.JPG
placeholder
45 0.014697939568564189 -0.022085535923836802 -0.9890978673777623 0.14485029659672244 0.444777 -0.110908 1.38997 0 dslr_images_undistorted/DSC_1161.JPG
placeholder
46 0.02835480597656309 -0.02592939338451955 -0.988635607829122 0.14533859249726094 1.03413 -0.139248 1.33947 0 dslr_images_undistorted/DSC_1162.JPG
placeholder
47 0.008457272268349912 -0.021002535963117904 -0.9890509406712673 0.14582731152352194 1.45289 -0.106355 1.43781 0 dslr_images_undistorted/DSC_1163.JPG
placeholder
48 0.9821628040071039 -0.18761675045854878 -0.010457405916693585 0.006842808909470671 -1.38453 -0.0696907 1.41815 0 dslr_images_undistorted/DSC_1164.JPG
placeholder
49 0.9823333090715445 -0.18679095380173644 0.010559559443978905 0.004348007674350229 -0.562991 -0.0915728 1.39027 0 dslr_images_undistorted/DSC_1165.JPG
placeholder
50 0.9816701754064527 -0.18590154346611396 0.04196017520795159 -0.0019043505189687837 0.271795 -0.121092 1.34955 0 dslr_images_undistorted/DSC_1166.JPG
placeholder
51 0.9897182854031016 -0.14288305940794355 -0.00596791879870287 0.0025555465527086763 -0.571174 -0.442053 0.450091 0 dslr_images_undistorted/DSC_1167.JPG
placeholder
52 -0.6992065698359103 0.08824653190227501 -0.705714731703985 0.07272853471295497 -0.0494024 -0.411631 0.594268 0 dslr_images_undistorted/DSC_1168.JPG
placeholder
53 0.015162472914329872 -0.023767510403440606 -0.9937949428995734 0.10759561483433283 0.563062 -0.549232 0.123017 0 dslr_images_undistorted/DSC_1169.JPG
placeholder
54 0.7150544050086591 -0.11771666396823452 -0.6851184348004912 0.07384250265550035 0.073355 -0.702469 -0.544319 0 dslr_images_undistorted/DSC_1170.JPG
placeholder
