# IMAGE_ID, QW, QX, QY, QZ, TX, TY, TZ, CAMERA_ID, NAME
1 0.9951584803917174 0.09700502568821853 -0.001532821294708232 -0.0157249596042236 0.230225 -3.72086 -1.15 0 dslr_images_undistorted/DSC_0675.JPG
placeholder
2 0.9948449153161976 0.0984173124332804 0.014150444622199995 -0.019934693373908643 0.903156 -3.73088 -1.21814 0 dslr_images_undistorted/DSC_0676.JPG
placeholder
3 0.9946299243809874 0.09929146088098632 0.021159671398056183 -0.020119334688733156 1.586 -3.73758 -1.28848 0 dslr_images_undistorted/DSC_0677.JPG
placeholder
4 0.993921716279453 0.09993166290090226 0.03770370946379906 -0.02667798625527063 2.22331 -3.76079 -1.38996 0 dslr_images_undistorted/DSC_0678.JPG
placeholder
5 0.9940555760029516 0.10020609798261548 0.03487345622953486 -0.024414991196918166 2.96629 -3.76569 -1.45332 0 dslr_images_undistorted/DSC_0679.JPG
placeholder
6 0.9950003598019717 0.0984217949611208 0.007668860822678605 -0.01512027923884379 3.80088 -3.73526 -1.28092 0 dslr_images_undistorted/DSC_0680.JPG
placeholder
7 0.9940927401035448 0.09974066831375479 0.034668592020270866 -0.02509007543001978 4.20379 -3.79447 -1.53263 0 dslr_images_undistorted/DSC_0681.JPG
placeholder
8 0.9813921328804147 0.09752537127131015 0.15598981284313695 -0.05500419773059692 4.26594 -3.98109 -2.78426 0 dslr_images_undistorted/DSC_0682.JPG
placeholder
9 0.9797452604087719 0.09640594478307142 0.1652745880561456 -0.05907138952067012 5.00587 -4.08092 -3.21565 0 dslr_images_undistorted/DSC_0683.JPG
placeholder
10 0.9871942137181098 0.09893168766852323 0.11771706905339269 -0.0424593597457589 6.12888 -3.97646 -2.86656 0 dslr_images_undistorted/DSC_0684.JPG
placeholder
11 0.8905738899549741 0.19057759842804028 0.4056995438881957 -0.07724121695556391 3.51718 -3.10099 -6.92426 0 dslr_images_undistorted/DSC_0685.JPG
placeholder
12 0.8361501806833314 0.17737275338999195 0.5108306865942746 -0.09189010464520918 2.32096 -3.04634 -7.66875 0 dslr_images_undistorted/DSC_0686.JPG
placeholder
13 0.7924708545166828 0.16619473131591359 0.5786875475262837 -0.09741651996681662 1.63803 -2.99157 -7.86782 0 dslr_images_undistorted/DSC_0687.JPG
placeholder
14 0.8011448796686099 0.16777573128968573 0.5665371288003116 -0.09515181270831954 2.37227 -3.01338 -7.49432 0 dslr_images_undistorted/DSC_0688.JPG
placeholder
15 0.7117255144923067 0.1483064344799929 0.6772126040153117 -0.11329202299938737 0.601103 -3.00746 -7.82722 0 dslr_images_undistorted/DSC_0689.JPG
placeholder
16 0.6067124580024433 0.12489618140798704 0.7746396473110396 -0.12741410435334305 -1.18064 -3.01244 -7.68334 0 dslr_images_undistorted/DSC_0690.JPG
placeholder
17 0.4549215440244044 0.09141034622087235 0.8743851441029604 -0.14191954466625498 -3.37579 -3.06209 -6.8002 0 dslr_images_undistorted/DSC_0691.JPG
placeholder
18 0.29382079369572045 0.05872543048741148 0.9423479680328078 -0.1489999065453516 -4.94088 -3.10999 -5.11156 0 dslr_images_undistorted/DSC_0692.JPG
placeholder
19 0.10897961995091165 0.015221243425159185 0.9819457558984688 -0.1538645139625496 -5.76043 -3.29777 -2.61013 0 dslr_images_undistorted/DSC_0693.JPG
placeholder
20 -0.023066988658297757 -0.010203682681854577 0.9880107074089743 -0.152311000716246 -5.58555 -3.36496 -0.883059 0 dslr_images_undistorted/DSC_0694.JPG
placeholder
21 -0.056699336586345586 -0.01802165261489525 0.9865059423038964 -0.15253337689436305 -4.98577 -3.39886 -0.512627 0 dslr_images_undistorted/DSC_0695.JPG
placeholder
22 -0.07338478851936482 -0.021069144468197992 0.9854449244500345 -0.15188503823949256 -4.21679 -3.41374 -0.282359 0 dslr_images_undistorted/DSC_0696.JPG
placeholder
23 -0.1480122531448994 -0.04032418079851097 0.9768226739495824 -0.14927758378231842 -3.40586 -3.47577 0.240839 0 dslr_images_undistorted/DSC_0697.JPG
placeholder
24 -0.05912324969879569 -0.02134457228671307 0.9863085642502324 -0.15246070531647327 -2.62345 -3.44767 -0.324275 0 dslr_images_undistorted/DSC_0698.JPG
placeholder
25 -0.061385498575135235 -0.02339106336545519 0.9860208099924674 -0.15312622564771186 -1.85214 -3.45386 -0.414161 0 dslr_images_undistorted/DSC_0699.JPG
placeholder
26 -0.10182693762147853 -0.030898986012120457 0.9822553979051586 -0.15443723878725868 -1.25482 -3.45933 -0.339002 0 dslr_images_undistorted/DSC_0700.JPG
placeholder
27 -0.2134969033076716 -0.05639895930799675 0.9641914902554636 -0.1468774992500835 -0.456606 -3.47693 -0.153211 0 dslr_images_undistorted/DSC_0701.JPG
placeholder
28 -0.22799466067462348 -0.05950202956069436 0.9604194283741945 -0.14856804765294362 0.21628 -3.47705 -0.209431 0 dslr_images_undistorted/DSC_0702.JPG
placeholder
29 -0.489463037109692 -0.11414144633095467 0.855158241007557 -0.12689384685513871 0.625592 -3.48712 -0.0416865 0 dslr_images_undistorted/DSC_0703.JPG
placeholder
30 -0.6267601453908369 -0.14287275578074327 0.7581166142348668 -0.10962798468609754 1.1767 -3.48508 -0.131796 0 dslr_images_undistorted/DSC_0704.JPG
placeholder
31 -0.6822779530681841 -0.15050442233164965 0.7088431338659956 -0.09688459726261733 1.96425 -3.49745 -0.340812 0 dslr_images_undistorted/DSC_0705.JPG
placeholder
32 -0.8402185305500954 -0.18329237461363837 0.5059133610346874 -0.06699550324699265 2.31225 -3.4437 -1.03121 0 dslr_images_undistorted/DSC_0706.JPG
placeholder
33 0.9298116315899954 0.1994644138694769 -0.30766587514702537 0.03171729228152928 2.20985 -3.43497 -1.40486 0 dslr_images_undistorted/DSC_0707.JPG
placeholder
34 0.9714527178666829 0.20805700615204642 -0.11396091596888837 0.002192891245514257 1.91286 -3.39252 -1.9479 0 dslr_images_undistorted/DSC_0708.JPG
placeholder
35 -0.684655042242293 -0.08237430667025485 0.7021615631321269 -0.17728814397090145 1.4387 -3.22906 1.86865 0 dslr_images_undistorted/DSC_0709.JPG
placeholder
36 -0.6637164602035399 -0.0745886306229293 0.7212820459454389 -0.18349170780566923 0.159451 -3.15272 2.25919 0 dslr_images_undistorted/DSC_0710.JPG
placeholder
37 0.27691013004290144 0.4210979498362591 0.4836921211311472 -0.7155691640079067 -4.5931 1.19759 -1.04413 0 dslr_images_undistorted/DSC_0711.JPG
placeholder
38 0.27192641076333696 0.42196497217971435 0.4822347952849051 -0.7179492959807592 -4.57088 2.38436 -1.06403 0 dslr_images_undistorted/DSC_0712.JPG
placeholder
39 0.19932362791846123 0.47057924620327735 0.5231780013847069 -0.6819897677115705 -4.28209 3.87868 -0.63218 0 dslr_images_undistorted/DSC_0713.JPG
placeholder
40 0.1990220611777832 0.4700650000687965 0.5230472496539491 -0.6825325556369518 -4.32037 4.36643 -0.731095 0 dslr_images_undistorted/DSC_0714.JPG
placeholder
41 -0.010695889395343062 -0.004013401708937371 0.9702396302924434 -0.24187713899157195 0.942699 -3.29911 1.83118 0 dslr_images_undistorted/DSC_0715.JPG
placeholder
42 -0.02195897093026054 -0.00303868951731692 0.9695923691171002 -0.24371952673429786 2.35492 -3.3277 1.74936 0 dslr_images_undistorted/DSC_0716.JPG
placeholder
43 -0.02084182024869244 -0.00742269640376747 0.9689358757265725 -0.24632050429633118 3.2737 -3.30723 1.72 0 dslr_images_undistorted/DSC_0717.JPG
placeholder
44 -0.05140530724373613 -0.010486896219341695 0.9692352253340287 -0.24047993131768117 0.519655 -3.32977 1.51168 0 dslr_images_undistorted/DSC_0718.JPG
placeholder
