# IMAGE_ID, QW, QX, QY, QZ, TX, TY, TZ, CAMERA_ID, NAME
1 1.0 1.3877787807814457e-17 0.0 0.0 -6.26678 -2.92148 3.94991 0 dslr_images_undistorted/DSC_9257.JPG
placeholder
2 0.9774706104468581 0.01021223387192355 0.21006125781508383 -0.01792160587493619 -4.60153 -2.89995 4.9496 0 dslr_images_undistorted/DSC_9258.JPG
placeholder
3 0.9713265808987682 0.009701163352762637 0.23696463092008346 -0.016683056135504193 -4.04207 -3.01213 4.03232 0 dslr_images_undistorted/DSC_9259.JPG
placeholder
4 0.9134496929128727 0.018468986728272966 0.40537569358795295 -0.030644772714045757 -2.38348 -3.06528 4.18698 0 dslr_images_undistorted/DSC_9260.JPG
placeholder
5 0.7711573675154143 0.02790722168268503 0.6341528948688102 -0.04886315006380093 -0.513109 -3.16596 3.83035 0 dslr_images_undistorted/DSC_9261.JPG
placeholder
6 0.6634736401702673 0.033458684355596756 0.7451464176582704 -0.0586520374024111 0.216932 -3.27057 2.81605 0 dslr_images_undistorted/DSC_9262.JPG
placeholder
7 -0.3303765966672709 -0.03648384194060952 -0.9400953805897698 0.07576878675008458 1.19518 -3.42658 1.0154 0 dslr_images_undistorted/DSC_9263.JPG
placeholder
8 -0.1796301988120157 -0.036711219109447434 -0.9799144838109163 0.07844031159958116 0.622626 -3.49844 -0.312104 0 dslr_images_undistorted/DSC_9264.JPG
placeholder
9 0.11602478518520341 -0.03288485219263285 -0.9896061075831283 0.0783363743938031 -0.329421 -3.55445 -1.51403 0 dslr_images_undistorted/DSC_9265.JPG
placeholder
10 0.31142715743003485 -0.030897628538753746 -0.9468782901234345 0.0740267914923406 -1.43741 -3.56013 -2.18457 0 dslr_images_undistorted/DSC_9266.JPG
placeholder
11 0.467359798465058 -0.02814303883364616 -0.8811241721048522 0.06635496572561156 -2.63092 -3.53814 -2.66749 0 dslr_images_undistorted/DSC_9267.JPG
placeholder
12 0.6468602203801357 -0.025028736219883194 -0.7599607828089231 0.058352602730699095 -4.27661 -3.476 -2.55073 0 dslr_images_undistorted/DSC_9268.JPG
placeholder
13 0.8261962556940154 -0.018262453998640942 -0.5616330162270552 0.040430000430832676 -6.09156 -3.27301 -1.09977 0 dslr_images_undistorted/DSC_9269.JPG
placeholder
14 0.8762742222974034 -0.01275489829095213 -0.4804720955874868 0.03357626048918206 -7.15083 -3.21598 -0.783817 0 dslr_images_undistorted/DSC_9270.JPG
placeholder
15 0.8985487184640387 -0.008993274806952722 -0.4375174339881553 0.033283877648201815 -7.99985 -3.26548 -1.17176 0 dslr_images_undistorted/DSC_9271.JPG
placeholder
16 0.9919475467097832 -0.0015315029799596316 -0.12631264497955227 0.009101362169166407 -7.81641 -2.94877 3.03751 0 dslr_images_undistorted/DSC_9272.JPG
placeholder
17 0.9979083604398405 0.0011558035941730826 0.06426790872539295 -0.006870530575263795 -6.43482 -2.82343 4.67946 0 dslr_images_undistorted/DSC_9273.JPG
placeholder
18 0.9855477008439532 -0.00848549187368066 -0.16878235059603514 0.01167235692294398 -6.28178 -3.08459 1.44336 0 dslr_images_undistorted/DSC_9274.JPG
placeholder
19 0.5357569701469236 -0.03224497131615326 -0.8415024835585209 0.061630357200411386 -0.757866 -3.86578 -6.0856 0 dslr_images_undistorted/DSC_9275.JPG
placeholder
20 -0.1865883645800861 -0.03619831401783014 -0.9790267216335671 0.07335627166797339 6.30006 -3.7589 -1.04994 0 dslr_images_undistorted/DSC_9276.JPG
placeholder
21 0.8398953364881773 0.019673585803056285 0.5407210634889593 -0.04253828001259886 0.888552 -3.00618 6.14479 0 dslr_images_undistorted/DSC_9277.JPG
placeholder
22 0.8438376075664092 0.023335810042246722 0.5342906128444948 -0.04389844020606163 0.641689 -3.20816 3.69449 0 dslr_images_undistorted/DSC_9278.JPG
placeholder
23 0.9872815962163133 -0.0020831531158099635 -0.1584205112697545 0.013177702936943677 -3.45348 -3.24416 1.28536 0 dslr_images_undistorted/DSC_9279.JPG
placeholder
24 -0.24729547735960627 -0.03588460769030538 -0.965329907942172 0.075467944458261 3.56241 -3.63242 -0.572709 0 dslr_images_undistorted/DSC_9280.JPG
placeholder
25 0.5293430834734204 -0.03055440271794485 -0.8453998770893543 0.06450873018984149 -0.956257 -3.69512 -3.7129 0 dslr_images_undistorted/DSC_9281.JPG
placeholder
26 0.8202451879667532 0.023079331088571273 0.5696002338959557 -0.04712483039293076 0.730099 -3.40741 0.941335 0 dslr_images_undistorted/DSC_9282.JPG
placeholder
27 0.9811093537902357 -0.0013831758702207225 -0.19302820921118827 0.01275277140624584 -0.916444 -3.3618 0.797233 0 dslr_images_undistorted/DSC_9283.JPG
placeholder
28 0.5299815544173025 -0.02591832503633199 -0.845192129813373 0.06401606131484013 -0.803079 -3.49308 -0.986341 0 dslr_images_undistorted/DSC_9284.JPG
placeholder
29 -0.1894043848603371 -0.03400020675084092 -0.9782862768810037 0.07698003249467822 0.80987 -3.53964 -0.829439 0 dslr_images_undistorted/DSC_9285.JPG
placeholder
30 0.513910860641176 -0.03016845668614231 -0.8548119712472975 0.06543688064487709 -0.840295 -3.68699 -3.55161 0 dslr_images_undistorted/DSC_9287.JPG
placeholder
31 -0.6394157478003907 0.6239229150058608 -0.2964145471975825 0.3376479139652855 -1.6049 1.90161 3.36044 0 dslr_images_undistorted/DSC_9289.JPG
placeholder
32 -0.644684822734198 0.6384162739954563 -0.28015924951865784 0.31355531464651765 -2.72162 1.32364 3.41185 0 dslr_images_undistorted/DSC_9290.JPG
placeholder
33 -0.5226641438724327 0.5011430427447535 -0.4480520806404884 0.5243349849593832 3.34467 1.97998 3.42554 0 dslr_images_undistorted/DSC_9291.JPG
placeholder
34 -0.1506080646687984 0.05027056986614134 -0.891700424091913 0.42386369782791633 2.60034 -4.40352 0.511351 0 dslr_images_undistorted/DSC_9292.JPG
placeholder
35 0.9280481430918194 -0.35839758307783764 -0.07612093497882753 0.06695834380971186 -2.05698 -2.24734 2.68052 0 dslr_images_undistorted/DSC_9293.JPG
placeholder
36 0.9822627831855004 -0.17670498457825176 -0.053979687199827826 0.031958826068603154 -2.11398 -2.98859 1.72401 0 dslr_images_undistorted/DSC_9294.JPG
placeholder
37 0.9923669835310299 -0.04555897562441844 -0.11152825737478426 0.026336240136401488 -2.16803 -3.36472 0.609036 0 dslr_images_undistorted/DSC_9295.JPG
placeholder
38 0.9979215210302068 -0.04127948643642681 -0.04496101524250696 0.020667582651741626 -2.20472 -3.41451 0.385962 0 dslr_images_undistorted/DSC_9296.JPG
placeholder
39 0.9888426443196011 0.06321676059488297 -0.13237180301952398 0.02591470085238379 -2.08546 -3.44773 -0.741894 0 dslr_images_undistorted/DSC_9297.JPG
placeholder
40 0.7719890209065392 -0.6132758130999602 -0.10747593300171067 0.12796348108643243 -2.07099 -1.06055 3.3861 0 dslr_images_undistorted/DSC_9298.JPG
placeholder
41 0.8466813542085093 -0.005997838012006562 -0.5289993771023435 0.0570470805577224 -0.996741 -3.56767 -1.46252 0 dslr_images_undistorted/DSC_9299.JPG
placeholder
42 0.7909689261068267 -0.010661308031779261 -0.6085467642659868 0.062652455226132 -1.19333 -3.67818 -2.80433 0 dslr_images_undistorted/DSC_9300.JPG
placeholder
43 0.751227851652326 -0.01374220323110703 -0.6566312466182949 0.06559933472749552 -1.37781 -3.77068 -3.91771 0 dslr_images_undistorted/DSC_9301.JPG
placeholder
44 0.7403671102716629 -0.015368309926336577 -0.6689996602588452 0.06371665128947963 -2.1032 -3.85489 -5.25069 0 dslr_images_undistorted/DSC_9302.JPG
placeholder
45 0.7509592314465757 -0.012147081199398129 -0.6573702837794683 0.061457230064534026 -3.29616 -3.93877 -6.8522 0 dslr_images_undistorted/DSC_9303.JPG
placeholder
