# IMAGE_ID, QW, QX, QY, QZ, TX, TY, TZ, CAMERA_ID, NAME
1 0.9640703729202529 0.2621795592114474 -0.011226523042670605 -0.041281472472140375 0.0361192 -3.17927 2.44725 0 dslr_images_undistorted/DSC_0427.JPG
placeholder
2 0.9291853893723787 0.36308772129996225 -0.020567823186148693 -0.06602108350735589 -0.136439 -2.86008 1.62604 0 dslr_images_undistorted/DSC_0428.JPG
placeholder
3 0.8912768296716962 0.4431700081884803 -0.03382964576032965 -0.08989722910258842 -0.284993 -2.43618 1.05227 0 dslr_images_undistorted/DSC_0429.JPG
placeholder
4 0.8632899187037163 0.4926729781697246 -0.038166452561474815 -0.10269943887275021 -0.323317 -2.07245 0.767785 0 dslr_images_undistorted/DSC_0430.JPG
placeholder
5 0.8425288636394914 0.5254869243729009 -0.044689023644519134 -0.10959697720811529 -0.305783 -1.59994 0.693466 0 dslr_images_undistorted/DSC_0431.JPG
placeholder
6 0.7930249975235742 0.5934490439801814 -0.05258755637004464 -0.1271382492280394 -0.344333 -1.18593 0.406066 0 dslr_images_undistorted/DSC_0432.JPG
placeholder
7 0.7653177506370845 0.6259645980020611 -0.05732618355266153 -0.1384585544023843 -0.347175 -0.784 0.284507 0 dslr_images_undistorted/DSC_0433.JPG
placeholder
8 0.7347791445344279 0.6599067208532616 -0.057264302147735494 -0.14609424434070856 -0.33533 -0.268596 0.140692 0 dslr_images_undistorted/DSC_0434.JPG
placeholder
9 0.7103251688160004 0.6841770162080344 -0.06433571790369967 -0.15231835227905882 -0.321931 0.128614 0.0753271 0 dslr_images_undistorted/DSC_0435.JPG
placeholder
10 0.638901849898692 0.7469447832687802 -0.07163063437775012 -0.16954931188956546 -0.447164 0.568933 -0.545303 0 dslr_images_undistorted/DSC_0436.JPG
placeholder
11 0.9794504527613357 0.19966932585059471 -0.006968287590545652 -0.027575602768376305 0.164078 -3.15564 3.04001 0 dslr_images_undistorted/DSC_0437.JPG
placeholder
12 0.9907847782607444 0.13500782988737556 0.0016861554719960516 -0.010750158865498275 0.255933 -3.36148 3.41444 0 dslr_images_undistorted/DSC_0438.JPG
placeholder
13 0.9972805346833971 0.07308229142040833 0.009004399311208371 0.0030715819026364308 0.329267 -3.41024 3.73811 0 dslr_images_undistorted/DSC_0439.JPG
placeholder
14 -0.6227259716481426 0.08763569291116946 0.22346215135894248 -0.7447127073394741 1.42526 -0.23186 4.74532 0 dslr_images_undistorted/DSC_0440.JPG
placeholder
15 -0.620266610848554 0.08648865116627515 0.22127649571532895 -0.7475464916176325 0.749417 -0.208024 4.54038 0 dslr_images_undistorted/DSC_0441.JPG
placeholder
16 -0.6243099665825728 0.0715333163141973 0.20740568487652686 -0.7497352413776871 0.314086 -0.197582 4.41488 0 dslr_images_undistorted/DSC_0442.JPG
placeholder
17 0.6439369084751365 0.011782432144756959 -0.1418773752446334 0.7517161981691838 0.752198 -0.234295 4.35214 0 dslr_images_undistorted/DSC_0443.JPG
placeholder
18 0.6574697925002718 0.1329012006493085 -0.03460728314325981 0.7408596889891257 2.22876 -0.220713 3.61966 0 dslr_images_undistorted/DSC_0444.JPG
placeholder
19 -0.5713664126692112 0.2189730015934581 0.3333130475078869 -0.7172821337574729 -0.174581 -0.239367 3.5971 0 dslr_images_undistorted/DSC_0445.JPG
placeholder
20 -0.5039206188120025 0.34036767012690283 0.424907179874066 -0.6705727011741386 -0.369855 -0.215824 3.03568 0 dslr_images_undistorted/DSC_0446.JPG
placeholder
21 -0.4227123718391226 0.45370285832020407 0.5064745879549296 -0.599125578490941 -0.601989 -0.215859 2.3588 0 dslr_images_undistorted/DSC_0447.JPG
placeholder
22 -0.28060312523672587 0.5910147807606584 0.5980621344010845 -0.46290938468066556 -1.00504 -0.21988 1.38212 0 dslr_images_undistorted/DSC_0448.JPG
placeholder
23 -0.2894784430188571 0.5869408785107214 0.5931228906903714 -0.46894335766650835 -1.53636 -0.213425 1.33159 0 dslr_images_undistorted/DSC_0449.JPG
placeholder
24 -0.2853200189726175 0.584997728742695 0.59664974419138 -0.4694456591509976 -2.18448 -0.228861 1.18075 0 dslr_images_undistorted/DSC_0450.JPG
placeholder
25 -0.27356210981552725 0.5967180707039182 0.599915211207312 -0.4573762734672159 -2.97714 -0.210571 0.992965 0 dslr_images_undistorted/DSC_0451.JPG
placeholder
26 0.4574910223099492 0.6457190182576874 0.4717385926729635 0.38885937580191865 0.216544 -0.215005 -0.245517 0 dslr_images_undistorted/DSC_0452.JPG
placeholder
27 0.3478789030584531 0.7120310044463967 0.5603614533226833 0.24080523072390564 -0.454799 -0.216254 -0.625013 0 dslr_images_undistorted/DSC_0453.JPG
placeholder
28 0.21782604511813222 0.7487104057734862 0.6201929817760066 0.08570418724006972 -1.93141 -0.202944 -1.2653 0 dslr_images_undistorted/DSC_0454.JPG
placeholder
29 0.22796811149268098 0.7467485541262224 0.617035325891933 0.09830841090310083 -0.999068 -0.205545 -1.47545 0 dslr_images_undistorted/DSC_0455.JPG
placeholder
30 0.22022970813282938 0.7481522968826597 0.6189643429496713 0.09300622818828466 -0.175229 -0.198624 -1.53217 0 dslr_images_undistorted/DSC_0456.JPG
placeholder
31 0.22274385258395946 0.7483234345307053 0.618364764314195 0.08956691198693331 0.519544 -0.210793 -1.66658 0 dslr_images_undistorted/DSC_0457.JPG
placeholder
