# IMAGE_ID, QW, QX, QY, QZ, TX, TY, TZ, CAMERA_ID, NAME
1 0.9912015902994255 -0.13036090023414615 -0.0029889890017269034 0.022726834860589337 -1.12773 -1.0037 -2.36491 0 dslr_images/DSC_1535.JPG
placeholder
2 0.9874520046116112 -0.12965181049363905 0.07422141236878975 0.05118719146636649 -1.74267 -1.03882 -2.2629 0 dslr_images/DSC_1536.JPG
placeholder
3 0.9820264988374728 -0.12941898178512165 0.11992285990556159 0.06703126439795373 -2.18455 -1.03883 -2.31635 0 dslr_images/DSC_1537.JPG
placeholder
4 0.9814751239068323 -0.12959586139937454 0.12379396221429788 0.06772406351886683 -2.32806 -0.97016 -2.65571 0 dslr_images/DSC_1538.JPG
placeholder
5 0.9453031496151744 -0.006658098522521591 0.2824451538004352 0.16304097689336933 -3.30015 -0.691043 -2.05686 0 dslr_images/DSC_1539.JPG
placeholder
6 0.753988097778986 -0.003057507418393014 0.5808521785024275 0.3067626880586958 -3.65022 -1.94756 0.521245 0 dslr_images/DSC_1540.JPG
placeholder
7 0.554204715650718 0.0005000236322087112 0.740982694576864 0.37921172115914853 -2.67769 -2.64285 2.02462 0 dslr_images/DSC_1541.JPG
placeholder
8 -0.3761702994474718 -0.005259843440341434 -0.8277495249477878 -0.4162919213836538 -1.5033 -2.98726 2.80214 0 dslr_images/DSC_1542.JPG
placeholder
9 -0.20045504800871353 -0.008462203874499453 -0.8767356681838496 -0.4371278222300997 0.166493 -3.15173 3.17535 0 dslr_images/DSC_1543.JPG
placeholder
10 0.05393151750294111 -0.01253891575457706 -0.8962496804066936 -0.44008030787849317 2.20274 -2.84004 2.57329 0 dslr_images/DSC_1544.JPG
placeholder
11 0.2715810486292002 -0.014698876314471969 -0.8666187713827674 -0.4183295138375713 3.55742 -2.36037 1.62617 0 dslr_images/DSC_1545.JPG
placeholder
12 0.2572161560369127 -0.014280320519972198 -0.8704852311211676 -0.41939406757770076 3.36453 -2.22903 1.363 0 dslr_images/DSC_1546.JPG
placeholder
13 -0.15807365867044043 -0.008876232480376603 -0.8847116076392424 -0.43842821788735575 0.632467 -2.85481 2.58754 0 dslr_images/DSC_1547.JPG
placeholder
14 -0.38638931563950024 -0.0035810852169472496 -0.8237529165526333 -0.4148754090800491 -0.938147 -2.67872 2.16889 0 dslr_images/DSC_1548.JPG
placeholder
15 -0.19776531131425498 0.02758613705268663 -0.9461590964634352 -0.25477607984813333 0.294845 -1.63061 3.66232 0 dslr_images/DSC_1549.JPG
placeholder
16 -0.41408536757752906 0.07618365303286194 -0.8748352536557408 -0.2395676070128159 -0.933505 -1.59052 2.85104 0 dslr_images/DSC_1550.JPG
placeholder
17 0.5324064275156476 -0.10182742037462594 0.8098003871939706 0.2244947778910904 -1.37117 -1.56201 2.22857 0 dslr_images/DSC_1551.JPG
placeholder
18 0.9700575413290684 -0.20801050343332805 0.11213827177029505 0.05608034393963536 -0.783141 -1.41699 -1.14709 0 dslr_images/DSC_1556.JPG
placeholder
19 0.8890341873468323 -0.19725344696179922 -0.40451808810586326 -0.08410949878238051 1.58714 -1.40371 -0.820483 0 dslr_images/DSC_1560.JPG
placeholder
20 0.8467775287837601 -0.18985631146252258 -0.48567734935708823 -0.10507097632641985 1.51535 -1.40955 -0.65082 0 dslr_images/DSC_1561.JPG
placeholder
21 0.7677275679185133 -0.17471697932423083 -0.601024871773968 -0.13724963425388853 1.28166 -1.41588 -0.577664 0 dslr_images/DSC_1563.JPG
placeholder
22 0.62758748965718 -0.1479908840902944 -0.7431234029428171 -0.178886134316385 1.48599 -1.43674 -0.176911 0 dslr_images/DSC_1564.JPG
placeholder
23 0.5411131050528867 -0.1291863295000095 -0.8071569154552508 -0.19749737629422728 1.70084 -1.43807 -0.0204446 0 dslr_images/DSC_1565.JPG
placeholder
24 0.42932308826967874 -0.10577842161209663 -0.8706290780708444 -0.21563306754148565 1.88048 -1.44673 0.294328 0 dslr_images/DSC_1566.JPG
placeholder
25 0.2718039163267216 -0.07199570535479992 -0.9303341795530597 -0.23540935375480898 1.96247 -1.47159 0.937756 0 dslr_images/DSC_1567.JPG
placeholder
26 0.10579510162005687 -0.03544559113105848 -0.9622567464263746 -0.24821958121691307 1.75618 -1.50319 1.68738 0 dslr_images/DSC_1568.JPG
placeholder
27 -0.09926779687759316 0.00883594043822314 -0.9619770255379878 -0.25429910144695095 0.958093 -1.5532 2.52956 0 dslr_images/DSC_1569.JPG
placeholder
28 -0.32402763950194824 0.056768096761058234 -0.9118100578925705 -0.245735407206348 -0.339472 -1.58302 2.94448 0 dslr_images/DSC_1570.JPG
placeholder
29 0.4862880147285505 -0.0947567850980431 0.8374816579463162 0.23058532263077292 -1.61458 -1.58337 2.72512 0 dslr_images/DSC_1571.JPG
placeholder
30 0.3266104283050955 -0.0834276116843065 -0.9130636932495939 -0.2295215758930431 2.18343 -1.44299 0.345217 0 dslr_images/DSC_1572.JPG
placeholder
31 0.48574753513141317 -0.11682703204941254 -0.841018396315497 -0.2075785002238716 2.13868 -1.40021 -0.708466 0 dslr_images/DSC_1573.JPG
placeholder
32 0.633003936688666 -0.14598251403989387 -0.7393851533339801 -0.17693138998077848 1.67822 -1.35684 -1.70024 0 dslr_images/DSC_1574.JPG
placeholder
33 0.7212229019136248 -0.16564451807692457 -0.6548754666608451 -0.15341949860462345 1.12337 -1.34306 -2.33441 0 dslr_images/DSC_1575.JPG
placeholder
34 0.5454691043432887 -0.12972922237043738 -0.8048873617450184 -0.19439681060458774 2.61324 -1.32539 -2.51432 0 dslr_images/DSC_1580.JPG
placeholder
35 0.6029497263346225 -0.1407178284838174 -0.7635006165429169 -0.18362170023825733 2.30268 -1.31266 -2.73119 0 dslr_images/DSC_1581.JPG
placeholder
36 0.4082396861579372 -0.10386093168392291 -0.8801525255922698 -0.21882595186349701 3.52477 -1.36843 -1.6968 0 dslr_images/DSC_1582.JPG
placeholder
37 0.4242593396617949 -0.10750957644678799 -0.872835873773694 -0.2158778384542564 3.6005 -1.36356 -1.84352 0 dslr_images/DSC_1583.JPG
placeholder
38 0.38555481705850714 -0.03660771703315011 -0.8484769631760403 -0.3606857372508187 3.7393 -0.837956 -1.91029 0 dslr_images/DSC_1584.JPG
placeholder
39 0.512860194021366 -0.040175216226258574 -0.791245350993778 -0.3305921473965669 2.9385 -0.560258 -2.62735 0 dslr_images/DSC_1585.JPG
placeholder
40 0.6216896964855336 -0.042586360122076686 -0.7228989054616662 -0.2985054366298928 2.16826 -0.36927 -3.11348 0 dslr_images/DSC_1586.JPG
placeholder
41 0.6656439959630384 -0.045334331798623256 -0.6893217950942835 -0.28230892973252825 1.7895 -0.333572 -3.24304 0 dslr_images/DSC_1587.JPG
placeholder
42 0.941045915036634 -0.05664413012453563 -0.3144433422988405 -0.11112791188190807 0.284854 -0.835081 -1.96087 0 dslr_images/DSC_1596.JPG
placeholder
43 0.4395315843785964 -0.13678636499335067 -0.8730476099342257 -0.1609016702016574 1.09081 -1.39632 0.590919 0 dslr_images/DSC_1600.JPG
placeholder
44 0.3505919704039251 -0.11363009163570542 -0.9140770421428133 -0.16922362007296718 1.32212 -1.37711 0.775165 0 dslr_images/DSC_1601.JPG
placeholder
45 0.31621847907515993 -0.10410436423184186 -0.9270742708174575 -0.17234108978289617 1.56986 -1.37071 0.822936 0 dslr_images/DSC_1602.JPG
placeholder
46 0.27898417327741776 -0.09406742007348143 -0.9395216614077575 -0.17498056831271902 2.16474 -1.35853 0.908039 0 dslr_images/DSC_1603.JPG
placeholder
47 0.252895766340193 -0.08500059877671708 -0.9473430217706192 -0.17708706524565337 2.40999 -1.32551 1.18095 0 dslr_images/DSC_1604.JPG
placeholder
48 0.8150740455163604 -0.028243685994375954 0.5187959611839774 0.2563344401094748 -3.48245 -1.60007 -0.0714536 0 dslr_images/DSC_1612.JPG
placeholder
49 0.7154109285973729 -0.022653968562483754 0.6289049535246533 0.3035664019353399 -3.39151 -2.05358 1.05623 0 dslr_images/DSC_1613.JPG
placeholder
50 0.5087642154978675 -0.01087286651291164 0.7789694241035527 0.3663978576826172 -2.18346 -2.62155 2.50541 0 dslr_images/DSC_1614.JPG
placeholder
51 -0.23125792504924322 -0.00468713831306855 -0.883733820455898 -0.40683207520889414 -0.0460131 -2.885 3.20954 0 dslr_images/DSC_1615.JPG
placeholder
52 -0.9092097350497088 0.029708222316835682 -0.3686410586004256 -0.1912036849319839 -3.52662 -2.11366 1.19511 0 dslr_images/DSC_1616.JPG
placeholder
53 0.8404053380977098 -0.02419491834686256 0.4835065942673078 0.24362850186932541 -2.82023 -2.38866 1.84632 0 dslr_images/DSC_1617.JPG
placeholder
54 0.7341990710381426 -0.020423687152150042 0.610170942195689 0.29702864910621796 -1.77685 -2.58587 2.39646 0 dslr_images/DSC_1618.JPG
placeholder
55 0.5733870057503645 -0.011970339291461098 0.7404856303146458 0.35037848665607413 -0.322378 -2.66422 2.65466 0 dslr_images/DSC_1619.JPG
placeholder
56 0.5678981926627028 -0.10636938064513039 0.788000626180858 0.21267865612275888 -0.379011 -1.57751 3.43693 0 dslr_images/DSC_1620.JPG
placeholder
57 -0.42891911660079757 0.08183303240325362 -0.8714819938874594 -0.22327310754324584 0.665899 -1.50033 3.17723 0 dslr_images/DSC_1621.JPG
placeholder
58 -0.8754442488227787 0.1897325535732148 -0.4268532459298148 -0.12407752317357566 -3.37932 -1.5029 2.26121 0 dslr_images/DSC_1622.JPG
placeholder
59 -0.8750581219151007 0.19150189682738997 -0.42691794111721454 -0.12386031783491866 -3.5002 -1.49749 2.23672 0 dslr_images/DSC_1623.JPG
placeholder
60 -0.9558416422983309 0.21540957900818591 -0.1886245704688881 -0.06622869117967918 -4.09241 -1.46229 0.429642 0 dslr_images/DSC_1624.JPG
placeholder
61 0.9726901550597435 -0.22439070078077977 0.04839976357871636 0.03435314452109292 -3.92169 -1.46192 -0.933082 0 dslr_images/DSC_1625.JPG
placeholder
62 -0.9151408384544488 0.2027874182843311 -0.33425320302664635 -0.09833262451949383 -3.83004 -1.46254 1.7264 0 dslr_images/DSC_1626.JPG
placeholder
63 0.45835183339455576 -0.09019743843152415 0.8571558682144387 0.21693740228414382 0.468716 -1.47359 2.87825 0 dslr_images/DSC_1627.JPG
placeholder
64 0.5959688059238952 -0.12376574351236211 0.7679243457864995 0.19948790000111657 -0.496123 -1.47915 2.56762 0 dslr_images/DSC_1628.JPG
placeholder
65 0.5215202838915225 -0.10616845551102183 0.8201160053743063 0.21012993664159546 0.00277612 -1.4749 2.70136 0 dslr_images/DSC_1629.JPG
placeholder
