# IMAGE_ID, QW, QX, QY, QZ, TX, TY, TZ, CAMERA_ID, NAME
1 0.92519533614987 0.37614721266547896 0.018932074721585816 -0.04656652142104137 0.301932 1.45139 0.203912 0 dslr_images/DSC_0988.JPG
placeholder
2 0.9198236577272352 0.3902470776079214 0.021375816719581792 -0.03427435722720232 0.243176 1.88773 0.23741 0 dslr_images/DSC_0989.JPG
placeholder
3 0.9167947079186052 0.39840742841132054 0.00857186758493294 -0.026182200160117138 0.219366 2.41639 0.219093 0 dslr_images/DSC_0990.JPG
placeholder
4 0.9001585981013072 0.433571585205748 -0.03503892498124052 0.02241545231806228 0.0414376 2.90345 0.376585 0 dslr_images/DSC_0991.JPG
placeholder
5 0.901990703057057 0.43041146966699984 0.033802178765686 -0.004018841676681731 0.0216272 3.41087 0.354064 0 dslr_images/DSC_0992.JPG
placeholder
6 0.890618600434839 0.4537793519686109 0.024410860330548678 0.01693865946168295 -0.135356 3.97118 0.538064 0 dslr_images/DSC_0993.JPG
placeholder
7 0.8849271385712297 0.4645570345853493 0.026103592113174673 0.020231745258165998 -0.213119 4.50139 0.659412 0 dslr_images/DSC_0994.JPG
placeholder
8 0.8678614488782042 0.49411493100387327 0.03294265104238262 0.03977087190849013 -0.028882 4.49386 0.280538 0 dslr_images/DSC_0995.JPG
placeholder
9 0.8682660180891402 0.4933014273363472 0.03580714141954078 0.03854441908905242 0.0565159 3.99613 0.171313 0 dslr_images/DSC_0996.JPG
placeholder
10 0.8924170071546442 0.450371457136802 0.019675027150293574 0.019243940455550106 0.317475 3.48459 -0.274145 0 dslr_images/DSC_0997.JPG
placeholder
11 0.8878481082893862 0.45930219801246613 0.021170269503832977 0.017861892313273606 0.389112 2.96939 -0.267304 0 dslr_images/DSC_0998.JPG
placeholder
12 0.9002296491775338 0.43529575415513416 0.0101755729669399 0.000801792368514841 0.552225 2.42693 -0.445218 0 dslr_images/DSC_0999.JPG
placeholder
13 0.9171012745609496 0.39799457713951936 -0.0022167286241142853 -0.022817863187071147 0.696517 1.79318 -0.60665 0 dslr_images/DSC_1000.JPG
placeholder
14 0.9281529866035383 0.37009960080190474 -0.013058913258168327 -0.037252969408067285 0.75567 1.23803 -0.634966 0 dslr_images/DSC_1001.JPG
placeholder
15 0.5708724103510886 0.39951169016437676 -0.3149576546156152 -0.6444352382675643 1.70186 -0.424949 0.17666 0 dslr_images/DSC_1002.JPG
placeholder
16 0.5717377267492956 0.4292527644496817 -0.3331964673963738 -0.6146854074552538 2.31325 -0.319125 0.489513 0 dslr_images/DSC_1003.JPG
placeholder
17 0.5778915074271179 0.4275781701424922 -0.3306559227214017 -0.6114613436926898 2.86635 -0.249948 0.625991 0 dslr_images/DSC_1004.JPG
placeholder
18 0.5785648462985831 0.43910927654571025 -0.33227335017389037 -0.6016977502394532 3.37917 -0.150981 0.878579 0 dslr_images/DSC_1005.JPG
placeholder
19 0.5187497118647051 0.37507744106575314 -0.1033876180427189 -0.7612664777062661 1.04189 -0.414996 -0.258271 0 dslr_images/DSC_1006.JPG
placeholder
20 0.5202807670011602 0.3112245245788926 -0.06107425032369268 -0.7929168649591997 0.403903 -0.401339 -0.337416 0 dslr_images/DSC_1007.JPG
placeholder
21 0.5230018614067388 0.195553298014027 0.0158109020771533 -0.829444377867757 -0.0489883 -0.39614 -0.988443 0 dslr_images/DSC_1008.JPG
placeholder
22 0.5339840293118221 0.3400879903866247 -0.07589639163560952 -0.7703511880768358 0.887835 -0.392762 -0.853252 0 dslr_images/DSC_1009.JPG
placeholder
23 0.5289145130119116 0.08281739323770332 0.09360284752613818 -0.8394219583961826 -0.201319 -0.396921 -1.48714 0 dslr_images/DSC_1010.JPG
placeholder
24 0.5321038466037137 0.08221338646420094 0.08225179637473794 -0.838654337321848 -1.15366 -0.444129 -2.33286 0 dslr_images/DSC_1011.JPG
placeholder
25 0.5365144246806746 0.17759704266064463 0.035438245825290315 -0.8242303642068669 2.29465 -0.403415 -1.40627 0 dslr_images/DSC_1012.JPG
placeholder
26 0.5155606968257722 0.011543985622967093 0.13402731520105407 -0.8462272644298682 0.60903 -0.424449 -1.84132 0 dslr_images/DSC_1013.JPG
placeholder
27 0.473796248371215 -0.16851986682651676 0.24628424572295776 -0.8285301683238872 -0.911471 -0.392121 -1.33079 0 dslr_images/DSC_1014.JPG
placeholder
