# IMAGE_ID, QW, QX, QY, QZ, TX, TY, TZ, CAMERA_ID, NAME
1 0.9960124719645354 -0.04429082878670964 0.003440364059777164 0.0773669313829781 2.70888 4.34063 1.90871 0 dslr_images/DSC_0803.JPG
placeholder
2 0.5677743213315842 0.07099909789037911 0.8172308425051572 0.0687400770549634 0.3996 4.30069 -6.35117 0 dslr_images/DSC_0816.JPG
placeholder
3 0.40857078886805487 0.08530327171954365 0.9067290797110711 0.060296254643148375 -1.62215 4.37318 -5.8131 0 dslr_images/DSC_0817.JPG
placeholder
4 -0.27125762427848776 -0.09743335245032134 -0.9563970371542155 -0.047230820697088755 -2.90681 4.40398 -4.8647 0 dslr_images/DSC_0818.JPG
placeholder
5 -0.15434492381320983 -0.11057961239782937 -0.9807198779946309 -0.04624191519862161 -3.69709 4.54141 -3.80632 0 dslr_images/DSC_0819.JPG
placeholder
6 -0.055864455277904713 -0.11434692598599029 -0.9910083917761776 -0.04130751243117543 -4.13828 4.56539 -2.91244 0 dslr_images/DSC_0820.JPG
placeholder
7 0.037912898716161145 -0.11906713175630596 -0.9916746082832897 -0.031098256099796173 -4.3151 4.56771 -2.06782 0 dslr_images/DSC_0821.JPG
placeholder
8 0.12317142126915774 -0.12125224887544996 -0.9846940360543719 -0.022457704337999148 -4.24471 4.56153 -1.31706 0 dslr_images/DSC_0822.JPG
placeholder
9 0.2379013875048001 -0.12772262374166 -0.9627597710510359 -0.013545643343680431 -3.98799 4.59801 -0.362464 0 dslr_images/DSC_0823.JPG
placeholder
10 0.29731674250352186 -0.13029274949333655 -0.945839990049631 -0.003642427689759975 -3.48643 4.5881 -0.0958834 0 dslr_images/DSC_0824.JPG
placeholder
11 0.3811941023295513 -0.12493510421711344 -0.9160142431729698 -0.0004270687043097035 -3.10912 4.55195 0.39026 0 dslr_images/DSC_0825.JPG
placeholder
12 0.4964237508773523 -0.12368601672711017 -0.859113710477096 0.013742681736768507 -2.45655 4.5299 0.852352 0 dslr_images/DSC_0826.JPG
placeholder
13 0.6037892733619675 -0.11340287266585787 -0.7888448976191772 0.017378991465230777 -1.83661 4.48108 1.2558 0 dslr_images/DSC_0827.JPG
placeholder
14 0.6355470764256475 -0.11934771060790232 -0.7623907166138515 0.024421974541031267 -1.23426 4.49358 1.29815 0 dslr_images/DSC_0828.JPG
placeholder
15 0.7386121599639365 -0.11304168542456002 -0.6634609600828812 0.03864206200094493 -1.23472 4.50153 1.60507 0 dslr_images/DSC_0829.JPG
placeholder
16 0.7798284470690993 -0.10848735574793641 -0.614951232307183 0.04396667679612486 -1.60386 4.51753 1.87785 0 dslr_images/DSC_0830.JPG
placeholder
17 0.7799349187185878 -0.10675880114083836 -0.6147862262566283 0.04839397635589261 -2.26901 4.52809 1.85674 0 dslr_images/DSC_0831.JPG
placeholder
18 0.8264917957819617 -0.10235347135578543 -0.5513550608785651 0.0494234281502413 -1.64216 4.52924 2.83673 0 dslr_images/DSC_0832.JPG
placeholder
19 0.8825561020661544 -0.09384421319875419 -0.457688618102511 0.053001124651429914 -0.619727 4.48959 3.34923 0 dslr_images/DSC_0833.JPG
placeholder
20 0.9295819591876618 -0.08443632393922888 -0.3519637157941855 0.06978130922251102 0.529725 4.488 3.84177 0 dslr_images/DSC_0834.JPG
placeholder
21 0.9693781750401208 -0.07432657517996415 -0.2218515782177004 0.0745881439654964 2.16626 4.4425 3.86145 0 dslr_images/DSC_0835.JPG
placeholder
22 0.09769607528228694 -0.11791089952626493 -0.9879557579307352 -0.022269194391613546 -5.18463 4.56919 -0.640945 0 dslr_images/DSC_0839.JPG
placeholder
23 0.12562822935808687 -0.12402516128996405 -0.9841853353322921 -0.0146469475391364 -4.31287 4.58391 -0.316004 0 dslr_images/DSC_0840.JPG
placeholder
24 0.16809533388876577 -0.13288052477141127 -0.9766923911200085 -0.012597539028680004 -3.4282 4.62049 0.0138421 0 dslr_images/DSC_0841.JPG
placeholder
25 0.15974111176309466 -0.12236464283215723 -0.9793648031053648 -0.01882163211943168 -2.51388 4.52164 -0.105226 0 dslr_images/DSC_0842.JPG
placeholder
26 0.606985004257817 0.06892910611917774 0.7880873939104716 0.07573798581392409 1.00779 4.37614 -1.76113 0 dslr_images/DSC_0843.JPG
placeholder
