# IMAGE_ID, QW, QX, QY, QZ, TX, TY, TZ, CAMERA_ID, NAME
1 0.995492773308807 -0.09443696012856802 -0.0008222232857564354 0.00866734102730976 6.11558 1.12685 3.4753 0 dslr_images_undistorted/DSC_0286.JPG
placeholder
2 0.9955048542185067 -0.0920538447288798 -0.02227104723762838 -0.0004187516692269224 5.21724 1.02744 3.72397 0 dslr_images_undistorted/DSC_0287.JPG
placeholder
3 0.9949992488245485 -0.09039077918435962 -0.042182111973894126 -0.0051644270205519 4.48835 0.993674 3.85629 0 dslr_images_undistorted/DSC_0288.JPG
placeholder
4 0.995355513751833 -0.08790642871734725 -0.03924066596611508 0.00017654609198605687 3.93336 1.0218 3.80746 0 dslr_images_undistorted/DSC_0289.JPG
placeholder
5 0.9953487389442428 -0.08655662272518892 -0.04227678670719048 -0.001229735837341884 3.22768 1.01517 3.73669 0 dslr_images_undistorted/DSC_0290.JPG
placeholder
6 0.9964312959659818 -0.08354985257830227 0.003952031413469647 0.011334725466683335 2.98924 1.05965 3.37214 0 dslr_images_undistorted/DSC_0291.JPG
placeholder
7 0.9957681516188213 -0.08613957067448459 0.027634943748844645 0.016188652496430804 2.63246 1.09683 3.22009 0 dslr_images_undistorted/DSC_0292.JPG
placeholder
8 0.9954389561423413 -0.09030339403455857 0.020711721240167624 0.02275096093255507 1.70942 1.14487 3.30396 0 dslr_images_undistorted/DSC_0293.JPG
placeholder
9 0.994090868801745 -0.09406863929913649 -0.05409016563594913 0.0029478206995360553 0.606272 1.12853 3.49897 0 dslr_images_undistorted/DSC_0294.JPG
placeholder
10 0.9945400379000165 -0.09624583776217956 -0.03886620664890855 0.010782843224974475 0.123116 1.15352 3.46926 0 dslr_images_undistorted/DSC_0295.JPG
placeholder
11 0.9507423633487035 -0.10089065394370424 -0.28890023146314275 -0.049464034828107566 -2.27385 1.26454 2.83834 0 dslr_images_undistorted/DSC_0296.JPG
placeholder
12 0.8536621098217377 -0.09076388642857014 -0.5028720664234687 -0.10071049590817999 -3.8791 1.42382 1.38448 0 dslr_images_undistorted/DSC_0297.JPG
placeholder
13 0.69039125471575 -0.07145237000153522 -0.7034012885720733 -0.153235444556157 -4.40291 1.70165 -0.808992 0 dslr_images_undistorted/DSC_0298.JPG
placeholder
14 -0.49594020857333665 0.053225725489775874 0.8462116836873667 0.18744630713170787 -3.89263 1.96473 -2.8634 0 dslr_images_undistorted/DSC_0299.JPG
placeholder
15 -0.23251440757995245 0.030118428434907335 0.948628430699477 0.21244771357913655 -2.13283 2.19464 -4.6455 0 dslr_images_undistorted/DSC_0300.JPG
placeholder
16 0.0197799990298426 0.01138979606206274 0.9753591164581132 0.21943932675364486 -0.102084 2.25939 -5.25576 0 dslr_images_undistorted/DSC_0301.JPG
placeholder
17 -0.06044311162058992 0.048883234324844024 0.996946157177844 -0.0074444172299212436 -1.00204 -0.0898011 -5.25172 0 dslr_images_undistorted/DSC_0302.JPG
placeholder
18 -0.00030811759538849844 0.026007121324961864 0.9996168857273807 -0.009466597732495823 -1.13737 -0.190008 -5.48687 0 dslr_images_undistorted/DSC_0303.JPG
placeholder
19 0.01643156287127527 0.017153626072531934 0.9996610881618827 -0.010652026528870569 -1.79756 -0.274098 -5.71828 0 dslr_images_undistorted/DSC_0304.JPG
placeholder
20 0.05685998654920853 0.00757540065749368 0.9983062438070279 -0.009705607163136634 -2.20736 -0.320624 -5.98696 0 dslr_images_undistorted/DSC_0305.JPG
placeholder
21 0.3188882899465874 -0.0783521139362858 0.9445071697596847 -0.008798354914792597 0.357862 -0.663736 -6.8437 0 dslr_images_undistorted/DSC_0306.JPG
placeholder
22 0.468793589456549 -0.1336980093461655 0.8730752411007775 -0.009850693282021039 1.80195 -0.821371 -7.08304 0 dslr_images_undistorted/DSC_0307.JPG
placeholder
23 0.7125236140695895 -0.2121280252881186 0.6687038588027364 -0.012122273008968811 5.23822 -0.371143 -5.35748 0 dslr_images_undistorted/DSC_0308.JPG
placeholder
24 0.8722217988140085 -0.2788460499965894 0.40177496531322654 -0.007133815424473854 6.9313 0.724366 -2.13842 0 dslr_images_undistorted/DSC_0309.JPG
placeholder
25 0.9727248052041635 -0.22607740105951177 0.050327882833085 0.01275014824378052 6.69244 1.9217 2.37023 0 dslr_images_undistorted/DSC_0310.JPG
placeholder
26 0.9066384272447082 -0.3474688289156392 0.23921235448552552 -0.007044475617645093 10.3902 4.56809 7.01808 0 dslr_images_undistorted/DSC_0311.JPG
placeholder
27 0.930535512632269 -0.36549116677520976 -0.022259696740525824 -0.004936865454533253 3.62846 5.94671 9.82454 0 dslr_images_undistorted/DSC_0312.JPG
placeholder
28 0.9315519250533715 -0.36336869373702835 -0.012601152209730163 -0.003926105473700823 1.90504 5.83064 9.49222 0 dslr_images_undistorted/DSC_0313.JPG
placeholder
29 0.8663983128054998 -0.34719015900565325 -0.3588940997061499 -0.0028252882197582624 -6.63909 5.32366 7.50807 0 dslr_images_undistorted/DSC_0314.JPG
placeholder
30 0.9185911836150802 -0.20916414711322145 -0.33489712997535726 -0.016867402921419535 -6.29384 2.60947 9.9734 0 dslr_images_undistorted/DSC_0315.JPG
placeholder
31 0.8609691165002238 -0.185616387805834 -0.4728218654012684 -0.02679963822896404 -10.7027 1.96001 8.45269 0 dslr_images_undistorted/DSC_0316.JPG
placeholder
32 0.9737251434925261 -0.22484318312487042 0.003689022460008346 0.035934371373728256 3.51234 3.26809 12.884 0 dslr_images_undistorted/DSC_0317.JPG
placeholder
33 0.9532109500398912 -0.2192560771682332 -0.20811506477842664 0.001943491990480859 2.48304 3.08873 10.8591 0 dslr_images_undistorted/DSC_0318.JPG
placeholder
34 0.8167721696796932 -0.28924367139691837 -0.49905915766713477 0.012699548894658866 -1.59194 5.04421 9.13031 0 dslr_images_undistorted/DSC_0319.JPG
placeholder
35 0.6543823920150595 -0.2670427355733175 -0.7074281275471294 0.004160138619159508 -8.70232 5.07219 7.09734 0 dslr_images_undistorted/DSC_0320.JPG
placeholder
36 0.6460616755608722 -0.25255810327379635 -0.7202381829168933 0.00869917874241752 -11.6438 4.70088 6.90092 0 dslr_images_undistorted/DSC_0321.JPG
placeholder
37 0.6780759759409727 -0.26315144849541966 -0.6862378149257772 0.006476679114692657 -13.1805 5.09226 7.87779 0 dslr_images_undistorted/DSC_0322.JPG
placeholder
38 0.928459029116727 -0.3561398901991133 -0.10528467724811313 -0.00658381328326962 5.64051 7.38378 14.2108 0 dslr_images_undistorted/DSC_0323.JPG
placeholder
