# IMAGE_ID, QW, QX, QY, QZ, TX, TY, TZ, CAMERA_ID, NAME
1 1.0 0.0 0.0 0.0 0.171114 -0.516731 -0.675289 0 dslr_images_undistorted/DSC_0899.JPG
placeholder
2 -0.9953414172000612 0.0037423135276017164 0.0940129992959284 0.021047903910337118 0.00883144 -0.550574 -0.48805 0 dslr_images_undistorted/DSC_0900.JPG
placeholder
3 -0.9719248820161717 0.008584093155103835 0.2299773136301449 0.048977262867758345 -0.122985 -0.555597 -0.43683 0 dslr_images_undistorted/DSC_0901.JPG
placeholder
4 -0.9376084479179847 0.013069984544823745 0.3400893121879107 0.071125478081906 -0.252342 -0.536001 -0.5137 0 dslr_images_undistorted/DSC_0902.JPG
placeholder
5 -0.9107539461727484 0.015358860689451364 0.4041119854035223 0.08357546399698855 -0.458662 -0.507475 -0.617458 0 dslr_images_undistorted/DSC_0903.JPG
placeholder
6 0.8626432867081152 -0.019105946793458027 -0.4951427977476972 -0.1015634409279697 -0.488736 -0.467893 -0.807936 0 dslr_images_undistorted/DSC_0904.JPG
placeholder
7 0.7791270858914856 -0.02325379356896455 -0.6138773720412409 -0.12479910741120465 -0.371968 -0.408792 -1.12708 0 dslr_images_undistorted/DSC_0905.JPG
placeholder
8 0.6879806826119395 -0.02572739984242718 -0.7103431356847079 -0.14640119820470915 -0.136427 -0.351259 -1.41833 0 dslr_images_undistorted/DSC_0906.JPG
placeholder
9 0.5626763079114964 -0.02973537626941192 -0.8086064301979395 -0.1693127902898898 0.321334 -0.308876 -1.67539 0 dslr_images_undistorted/DSC_0907.JPG
placeholder
10 0.4933802069313392 -0.032859864821483585 -0.8511496360721867 -0.1761831368391619 0.313329 -0.45461 -1.01257 0 dslr_images_undistorted/DSC_0914.JPG
placeholder
11 0.483680529599482 -0.031321319016488464 -0.8561480157746952 -0.17911642958278373 0.238931 -0.576702 -0.398889 0 dslr_images_undistorted/DSC_0915.JPG
placeholder
12 0.4757772811215024 -0.029344204248982812 -0.8603539947701841 -0.18046024528579976 0.214629 -0.706011 0.22092 0 dslr_images_undistorted/DSC_0916.JPG
placeholder
13 0.4807911929056887 -0.03246448014066931 -0.857558298429772 -0.179943466532562 0.213561 -0.846181 0.886609 0 dslr_images_undistorted/DSC_0917.JPG
placeholder
14 -0.8750528524543951 -0.018066877204670737 -0.47333891930960104 -0.09953070293289958 -0.240506 -0.342879 -1.4226 0 dslr_images_undistorted/DSC_0918.JPG
placeholder
15 -0.864412977157279 -0.020318005892951352 -0.4918120207316047 -0.1024613089049676 -0.320331 -0.46695 -0.808334 0 dslr_images_undistorted/DSC_0919.JPG
placeholder
16 -0.8799794774192263 -0.01720125679828277 -0.46411398883381827 -0.09969173212612764 -0.300417 -0.624365 -0.0843683 0 dslr_images_undistorted/DSC_0920.JPG
placeholder
17 -0.8778152184319151 -0.01924068382901048 -0.468026494269547 -0.10010713779186203 -0.359865 -0.754686 0.53505 0 dslr_images_undistorted/DSC_0921.JPG
placeholder
18 -0.8683986147278109 -0.021621486241300964 -0.4845257254228749 -0.10320454774365946 -0.380951 -0.858357 1.0407 0 dslr_images_undistorted/DSC_0922.JPG
placeholder
19 0.9547935556896536 -0.009930911822294978 -0.290797627698156 -0.060888280719782015 -0.133879 -0.650258 0.0146329 0 dslr_images_undistorted/DSC_0923.JPG
placeholder
20 0.9602789726581764 -0.010772133502436224 -0.27262680770538517 -0.058505380357143616 0.194171 -0.668252 0.0408058 0 dslr_images_undistorted/DSC_0924.JPG
placeholder
21 0.9647557590494977 -0.008787239480109767 -0.25749080553185927 -0.05354992875532989 0.497491 -0.683441 0.0640085 0 dslr_images_undistorted/DSC_0925.JPG
placeholder
22 0.9625674150671654 -0.00768554770528673 -0.26564458655092976 -0.05327154440759898 0.804391 -0.674552 -0.0145317 0 dslr_images_undistorted/DSC_0926.JPG
placeholder
23 0.9865236324032248 -0.0034791498822887472 -0.16058986705323688 -0.031143423476993302 -0.838977 -0.683415 0.274267 0 dslr_images_undistorted/DSC_0927.JPG
placeholder
