# IMAGE_ID, QW, QX, QY, QZ, TX, TY, TZ, CAMERA_ID, NAME
1 0.999950256020618 -0.009815878816965417 1.737720298079939e-05 -0.001770227495019595 -1.71195 -0.224702 -0.995056 0 dslr_images_undistorted/DSC_6487.JPG
placeholder
2 -0.8087874040675624 0.006070091279463349 -0.5878615359555432 -0.015649394796673356 -2.67033 -0.287432 2.65996 0 dslr_images_undistorted/DSC_6489.JPG
placeholder
3 -0.6139120778148849 -0.000779513883196747 -0.7891710987595598 -0.017897763931450678 -0.909388 -0.300783 3.55081 0 dslr_images_undistorted/DSC_6490.JPG
placeholder
4 -0.37339795783153534 -0.0002796641669673267 -0.9274810380878017 -0.018783260174063156 -0.00495338 -0.27314 2.42042 0 dslr_images_undistorted/DSC_6491.JPG
placeholder
5 -0.11193374088870517 -0.002789620422485401 -0.9935160462607242 -0.019721092541161642 1.01835 -0.265513 1.33204 0 dslr_images_undistorted/DSC_6492.JPG
placeholder
6 0.2055329735988735 -0.005908850524600498 -0.9784314891654204 -0.019826831784746392 0.546347 -0.251735 0.426053 0 dslr_images_undistorted/DSC_6493.JPG
placeholder
7 -0.21430327654914252 -0.004928045755352545 -0.9764653295367749 -0.023775622767297666 0.0104954 -0.258935 0.671838 0 dslr_images_undistorted/DSC_6494.JPG
placeholder
8 0.16021678162146638 -0.005303282808198911 -0.9866403104190404 -0.029040591153335876 -0.847033 -0.288753 1.7625 0 dslr_images_undistorted/DSC_6495.JPG
placeholder
9 0.361769906347763 -0.0036104285714937895 -0.9319339083209215 -0.024671647459248623 -1.12193 -0.284075 1.90832 0 dslr_images_undistorted/DSC_6496.JPG
placeholder
10 0.7849371021669379 -0.007438837327743581 -0.6193921130222799 -0.013108000105910532 -1.07949 -0.266312 1.56617 0 dslr_images_undistorted/DSC_6497.JPG
placeholder
11 0.9400812392545567 -0.006978846101108429 0.3408520818317019 0.004291575434372047 -0.722705 -0.256857 1.51925 0 dslr_images_undistorted/DSC_6499.JPG
placeholder
12 -0.8036111241412729 0.0031675265764960405 -0.5950442022766339 -0.011023849996772877 -1.2053 -0.258538 1.57309 0 dslr_images_undistorted/DSC_6500.JPG
placeholder
13 -0.8847211836615494 0.004045469999898958 -0.46589297230769294 -0.013992844860502746 -3.46854 -0.357813 1.94406 0 dslr_images_undistorted/DSC_6502.JPG
placeholder
14 -0.7470650003173522 -0.00036794260315755906 -0.6645600442628012 -0.015927883993143894 -3.28133 -0.357066 3.23502 0 dslr_images_undistorted/DSC_6503.JPG
placeholder
15 -0.3027939416963679 -0.007467047094521119 -0.9528632974270962 -0.0176524359799444 0.671606 -0.380725 4.90596 0 dslr_images_undistorted/DSC_6504.JPG
placeholder
16 0.04948205097750355 -0.006569168349568293 -0.9984829601264436 -0.02324114875365998 1.86424 -0.376035 2.60135 0 dslr_images_undistorted/DSC_6505.JPG
placeholder
17 -0.5559111951367405 -0.032977326037680194 -0.8266065692463883 -0.08122080255550977 0.414109 -0.598762 1.7126 0 dslr_images_undistorted/DSC_6506.JPG
placeholder
18 -0.8171108169918374 -0.046907297703086416 -0.5719597821403394 -0.05469575660964691 0.302532 -0.591997 1.78643 0 dslr_images_undistorted/DSC_6507.JPG
placeholder
19 0.8003364753859411 0.04746811442478706 -0.5952462837065073 -0.05376026426047558 1.25579 -0.51935 1.24045 0 dslr_images_undistorted/DSC_6508.JPG
placeholder
20 0.6653550947950025 0.04234423117767972 -0.7423929560173476 -0.06604742820223433 1.85381 -0.632029 2.0271 0 dslr_images_undistorted/DSC_6509.JPG
placeholder
21 -0.05093643986039409 -0.003241038380097327 -0.9943511065007237 -0.09306369735484285 -1.98748 -0.602215 1.44782 0 dslr_images_undistorted/DSC_6510.JPG
placeholder
22 -0.1259450958663178 -0.005795519488439252 -0.9878816184813071 -0.09052155902234758 -1.76894 -0.541577 1.06279 0 dslr_images_undistorted/DSC_6511.JPG
placeholder
23 -0.16413971988380027 -0.007707213499940156 -0.9822552271674558 -0.090406968308553 -1.50366 -0.518435 0.912508 0 dslr_images_undistorted/DSC_6512.JPG
placeholder
24 -0.18455424885253638 -0.006407654990619661 -0.9786311743791107 -0.09044167027073245 -1.03388 -0.508778 0.827581 0 dslr_images_undistorted/DSC_6513.JPG
placeholder
25 0.41712503015162444 0.029207353496586763 -0.9049296083070935 -0.07909515618482672 0.32767 -0.530725 1.08585 0 dslr_images_undistorted/DSC_6514.JPG
placeholder
26 0.7749225299368184 0.050965458552007056 -0.6276307489494297 -0.05456406880065129 1.19765 -0.475199 0.730404 0 dslr_images_undistorted/DSC_6515.JPG
placeholder
27 0.8921673342927077 0.054045157023505555 -0.446610695453731 -0.040687287076966686 1.70278 -0.322811 -0.310048 0 dslr_images_undistorted/DSC_6516.JPG
placeholder
28 0.30339871132357593 0.02050680474762516 -0.948946149796497 -0.08384448528460556 0.451716 -0.430615 0.430911 0 dslr_images_undistorted/DSC_6517.JPG
placeholder
29 -0.16768685352822327 -0.008145587508158952 -0.9817403074648388 -0.08944684039581881 0.292292 -0.444438 0.510968 0 dslr_images_undistorted/DSC_6518.JPG
placeholder
30 0.043255126912179656 0.006004965806144947 -0.9949576419493675 -0.0902896733188947 1.31669 -0.388067 0.205374 0 dslr_images_undistorted/DSC_6519.JPG
placeholder
31 0.2343074585107999 0.014718306114530472 -0.9682478346942173 -0.08590411492640147 1.94663 -0.326321 -0.229225 0 dslr_images_undistorted/DSC_6520.JPG
placeholder
